commit af8116d9df1e7265a038fd4bdf8cd68f47b6944e
2018/09/18 03:46:49.439007185
protocol 1
146,89,38 144,86,37 141,86,33 141,86,35 142,86,36 140,86,40 142,86,34 141,86,33 142,85,36 141,86,34
284,175,32 283,174,31 283,174,34 281,175,34 282,174,39 282,174,34 282,174,36 282,175,35 282,174,33 283,175,52
166,92,36 166,91,37 165,91,33 164,91,38 165,91,34 165,91,33 165,91,37 164,91,32 164,91,32 165,90,32
339,189,34 340,189,44 339,190,34 337,188,38 339,189,36 340,189,33 339,189,34 338,188,34 339,188,38 338,189,35
256,134,49 254,132,34 255,133,37 254,132,32 256,133,36 255,133,33 255,134,35 255,133,48 255,133,33 254,133,31
550,291,31 550,292,35 550,291,32 550,291,34 549,291,37 549,290,51 550,290,45 549,290,36 549,290,35 549,290,30
546,282,35 546,283,36 545,282,32 546,283,38 545,282,32 545,282,34 545,282,37 545,282,35 545,282,32 544,282,33
944,487,35 943,486,33 945,488,35 944,487,35 944,488,38 943,487,35 943,486,39 944,487,39 945,488,37 943,487,37
994,507,35 994,507,34 993,507,33 994,509,42 993,508,33 994,508,34 994,507,46 992,507,34 994,508,33 993,507,33
2184,1118,41 2187,1120,39 2185,1118,41 2188,1121,42 2187,1119,34 2185,1118,32 2187,1120,38 2189,1122,37 2188,1119,34 2190,1123,33
2048,1046,40 2036,1034,36 2034,1033,35 2037,1035,35 2036,1035,33 2035,1035,36 2035,1033,35 2035,1033,39 2036,1035,39 2034,1033,35
4265,2169,34 4271,2172,35 4269,2171,38 4272,2174,37 4270,2171,33 4275,2177,38 4273,2175,32 4275,2178,36 4268,2171,33 4273,2177,35
561,343,32 564,343,32 562,345,36 559,346,35 564,344,36 560,344,34 560,344,35 557,344,33 562,345,36 558,343,35
1112,687,34 1121,686,38 1119,688,35 1118,688,35 1117,690,34 1124,689,38 1120,688,33 1117,686,37 1105,687,34 1117,685,38
650,363,35 651,361,37 650,362,33 651,361,39 651,361,37 651,361,35 649,361,33 651,362,33 651,362,34 649,361,41
1335,749,41 1341,750,34 1341,750,34 1342,749,36 1338,750,33 1337,750,36 1342,752,35 1345,750,40 1343,748,38 1340,750,35
1002,527,38 998,526,34 997,525,36 997,526,37 997,526,48 998,526,35 999,526,34 994,523,33 996,525,33 999,525,37
2150,1141,35 2151,1143,38 2150,1143,33 2156,1145,37 2152,1143,35 2154,1144,34 2156,1144,46 2150,1140,36 2153,1146,33 2150,1140,34
2157,1118,36 2157,1116,36 2151,1112,38 2152,1115,33 2150,1111,33 2149,1112,39 2151,1113,33 2154,1113,34 2152,1113,37 2148,1112,34
3716,1920,37 3717,1921,37 3717,1920,37 3717,1919,40 3715,1919,33 3715,1919,37 3716,1921,34 3716,1921,40 3714,1920,37 3713,1919,35
3947,2009,37 3953,2013,33 3951,2010,32 3946,2009,34 3948,2010,39 3945,2008,35 3947,2012,32 3946,2010,36 3948,2010,33 3950,2011,34
8704,4440,35 8708,4443,32 8711,4443,33 8696,4439,36 8698,4440,34 8696,4438,35 8692,4435,40 8703,4439,35 8711,4446,36 8694,4433,35
8092,4097,33 8102,4096,36 8110,4106,41 8081,4083,38 8084,4089,37 8080,4090,34 8075,4085,51 8068,4081,43 8070,4083,32 8082,4088,34
16930,8571,34 16955,8585,36 16975,8597,33 16925,8573,36 16924,8572,33 16922,8576,33 16947,8582,34 16929,8578,32 16964,8597,33 16984,8592,35
517,321,42 513,322,32 512,321,42 514,320,33 515,322,35 514,321,36 515,322,35 514,321,34 514,321,33 513,321,32
1026,644,34 1027,645,32 1030,644,37 1026,644,32 1029,644,34 1027,645,37 1030,645,33 1034,645,33 1027,645,36 1028,645,32
630,349,36 629,349,34 628,348,34 627,348,33 628,348,33 628,348,32 629,348,37 628,348,37 627,348,33 629,348,35
1300,726,32 1304,730,32 1303,727,34 1302,727,31 1301,727,34 1302,727,33 1301,727,31 1301,727,32 1303,727,33 1307,730,34
988,519,38 985,518,33 986,518,40 985,519,37 985,518,37 985,518,32 986,518,35 986,517,32 986,517,34 984,517,32
2151,1137,40 2152,1138,33 2153,1137,33 2154,1138,33 2153,1138,35 2153,1137,34 2154,1138,33 2152,1138,33 2154,1138,34 2151,1137,31
2201,1131,33 2199,1131,38 2199,1132,34 2199,1132,36 2198,1131,33 2198,1131,35 2198,1130,33 2198,1131,34 2198,1131,38 2198,1130,34
3775,1943,33 3777,1943,32 3776,1943,35 3774,1942,36 3775,1943,36 3775,1942,37 3776,1943,36 3775,1944,33 3775,1944,32 3778,1943,37
4054,2057,33 4054,2061,35 4052,2059,33 4054,2060,39 4051,2058,34 4053,2057,33 4051,2058,34 4057,2064,42 4058,2059,35 4059,2060,34
8961,4559,43 8964,4559,33 8959,4558,36 8959,4558,37 8962,4562,34 8970,4567,32 8964,4561,32 8968,4562,37 8969,4560,37 8969,4561,34
8299,4173,32 8332,4207,33 8336,4212,36 8337,4212,34 8352,4217,37 8344,4212,32 8339,4213,33 8341,4216,32 8345,4212,32 8346,4217,35
17519,8851,37 17518,8849,32 17519,8856,35 17512,8847,44 17550,8887,35 17518,8850,37 17518,8848,32 17521,8848,35 17568,8895,32 17511,8847,45
1706,1140,37 1707,1144,36 1711,1138,33 1731,1144,34 1720,1142,32 1714,1144,32 1716,1141,31 1708,1139,32 1701,1139,36 1706,1139,38
3414,2272,32 3411,2272,37 3413,2280,32 3416,2282,33 3398,2274,33 3411,2287,40 3399,2282,32 3412,2273,34 3413,2274,33 3404,2270,34
2169,1263,33 2174,1265,35 2175,1267,32 2183,1272,34 2184,1273,32 2182,1269,35 2180,1269,34 2173,1271,36 2180,1273,38 2179,1273,36
4517,2649,35 4505,2633,34 4514,2641,37 4517,2640,32 4527,2645,34 4515,2634,40 4524,2642,32 4501,2629,34 4531,2640,33 4505,2634,38
3473,1896,32 3472,1893,33 3475,1894,35 3483,1894,34 3479,1897,34 3475,1893,33 3479,1895,33 3482,1895,34 3478,1895,32 3472,1889,32
7663,4186,33 7650,4178,34 7660,4187,38 7650,4185,33 7635,4174,36 7677,4193,35 7659,4181,32 7651,4189,33 7657,4195,32 7648,4186,38
7976,4222,32 7974,4216,33 7981,4229,33 7976,4221,35 7988,4232,34 7982,4218,39 7984,4223,34 7968,4215,40 7965,4211,34 7990,4235,33
13568,7167,35 13591,7187,38 13558,7159,35 13580,7174,35 13593,7165,36 13565,7161,35 13574,7176,37 13556,7169,34 13591,7181,36 13576,7176,38
14853,7736,34 14863,7733,41 14882,7748,34 14859,7727,37 14837,7710,36 14849,7714,35 14854,7725,42 14873,7736,38 14834,7719,39 14831,7717,34
32915,17124,37 32964,17158,38 33032,17195,34 32969,17137,39 32978,17168,36 32942,17140,34 32999,17220,33 33000,17198,34 32972,17175,33 33021,17208,37
32219,16440,33 32244,16519,38 32202,16469,33 32181,16434,33 32262,16537,32 32176,16447,36 32253,16503,42 32200,16451,34 32290,16550,34 32221,16466,33
67979,34770,33 67962,34764,34 68030,34807,35 68149,34925,33 68010,34752,33 66945,33740,34 67197,33996,34 67406,34193,35 67892,34683,35 68217,34980,33
23248,12827,39 21985,11675,33 19286,9901,44 23014,12692,42 20156,11669,41 19946,9905,32 25204,14042,33 19761,9927,35 18119,9077,34 19425,9872,34
35541,17849,40 38309,21013,38 41233,20953,38 45494,25858,33 43481,23864,37 44148,23366,36 42644,25468,37 46534,23495,36 40834,21359,38 40906,23161,33
12760,6973,41 12716,6406,34 14265,7277,33 10722,5373,34 15496,7858,39 14554,7603,33 13647,7018,36 10647,5771,32 10742,5456,31 15384,8356,35
22571,11667,38 25546,13269,34 26568,13756,36 22113,11100,37 20036,10495,43 21413,11703,34 19628,9952,39 23809,12426,33 23977,12444,32 22915,12379,35
8488,4100,36 9283,4903,36 6512,3209,41 10814,5398,32 8857,4707,33 9318,4926,32 8586,4256,32 9278,4647,38 10409,5043,39 8722,4347,34
12515,6389,36 13262,6602,34 14326,7323,36 16857,8491,34 16364,9283,36 14667,6929,34 13743,6323,33 12950,6375,35 14799,7675,34 12377,6275,36
4534,2280,35 6673,3220,39 5671,2319,38 6670,3584,41 4488,2255,41 5941,2574,34 6322,3208,33 6679,3527,37 6303,3185,35 7604,3439,35
13334,8078,36 9652,4736,34 10990,5760,33 12026,6620,34 12383,5631,35 10847,5597,33 7070,3572,41 9230,4816,37 11874,6490,33 10738,5477,34
5215,2568,34 6137,2636,34 5078,2316,32 4538,2274,33 6616,3754,36 5147,2648,38 5576,2934,36 5316,2610,34 5960,2298,34 5079,2418,33
10646,4839,37 9885,4968,33 9432,4842,35 9031,4966,34 9856,5081,34 10274,5344,33 7700,3767,38 11482,6650,37 10277,5097,34 10078,5244,33
protocol 2
137,85,33 135,83,35 133,82,33 133,82,31 134,82,36 134,82,32 134,82,33 135,82,33 133,82,32 133,82,32
271,169,33 270,169,31 270,169,32 269,169,34 271,169,32 270,169,33 272,168,31 271,170,33 270,169,36 270,168,32
136,76,34 135,76,31 135,76,32 134,76,32 135,76,31 135,76,30 135,76,32 135,76,30 135,76,32 134,75,31
271,153,31 271,152,35 270,152,32 270,152,30 270,153,34 270,153,34 270,152,32 270,151,32 270,152,31 270,151,32
192,102,33 192,102,32 192,102,33 192,102,30 192,102,35 192,102,30 192,102,37 192,102,31 192,102,31 192,102,31
371,198,31 370,198,32 371,198,32 370,198,32 370,198,32 370,198,32 370,198,32 370,198,33 371,198,29 370,198,30
279,144,32 279,144,31 279,144,31 279,144,32 278,144,31 279,144,33 279,144,31 279,144,32 279,144,30 278,144,31
558,288,32 557,288,31 557,288,32 558,288,31 557,288,31 557,288,31 557,288,31 557,288,31 557,288,31 557,288,32
458,233,31 458,233,31 458,234,31 458,233,31 458,234,31 458,233,31 458,234,37 458,233,31 458,233,30 458,233,31
917,467,34 916,467,31 916,468,32 916,467,33 916,467,32 916,467,32 916,467,31 916,466,31 916,467,32 916,467,30
829,419,31 829,419,31 830,420,32 830,420,33 830,419,33 830,419,33 830,419,32 830,420,33 830,420,32 830,419,33
1662,842,33 1661,841,29 1660,840,32 1661,841,33 1661,840,34 1661,841,34 1661,840,37 1661,841,33 1660,840,34 1659,839,32
547,342,33 545,343,35 548,346,36 544,343,35 543,341,35 539,338,33 544,344,35 540,342,33 544,341,37 541,342,35
1081,685,34 1082,682,34 1085,683,37 1087,681,36 1088,682,35 1083,682,35 1089,682,35 1087,682,34 1085,682,36 1086,681,34
544,311,33 543,310,35 553,319,36 549,317,35 548,312,34 548,316,33 543,310,36 546,314,32 545,311,34 551,314,33
1095,626,33 1092,623,34 1097,626,40 1087,623,33 1093,628,35 1091,626,34 1095,628,35 1093,626,36 1086,619,33 1093,623,35
779,418,36 785,421,35 780,414,33 775,411,38 777,417,34 780,417,33 772,417,34 780,418,34 779,421,33 772,415,33
1500,810,32 1501,810,34 1495,804,36 1501,809,34 1492,801,33 1507,809,35 1492,804,36 1501,814,35 1490,803,37 1507,819,37
1128,590,39 1131,593,34 1121,581,33 1118,581,37 1118,580,38 1120,582,34 1120,582,35 1128,589,35 1139,593,32 1124,587,34
2243,1165,34 2243,1166,34 2241,1164,35 2253,1175,33 2244,1166,34 2231,1156,36 2245,1167,35 2244,1167,34 2240,1163,39 2247,1169,35
1846,944,34 1845,944,34 1844,945,42 1841,941,31 1850,946,33 1847,947,34 1844,945,33 1853,943,35 1843,942,32 1842,943,34
3690,1892,34 3703,1898,35 3705,1899,36 3696,1893,37 3699,1894,35 3712,1900,36 3710,1900,36 3709,1900,34 3701,1893,34 3698,1892,43
3361,1712,39 3366,1714,35 3366,1713,35 3370,1715,35 3375,1720,34 3380,1718,33 3383,1722,34 3364,1710,34 3365,1711,36 3365,1712,35
6740,3428,33 6778,3444,35 6763,3446,33 6777,3445,33 6776,3447,33 6748,3426,35 6737,3426,35 6734,3427,38 6734,3426,36 6763,3432,35
499,315,33 497,315,40 496,315,35 497,315,36 496,314,32 498,316,34 497,315,33 497,315,35 498,314,33 498,315,35
997,632,34 1000,634,34 999,634,34 1000,634,44 1001,634,33 999,633,44 998,633,38 1001,633,34 1000,633,33 1000,634,34
532,299,34 529,298,34 529,298,34 529,298,36 529,298,34 530,298,35 529,298,34 529,298,35 529,298,33 530,298,35
1062,598,32 1063,599,38 1062,599,35 1062,599,34 1061,599,33 1063,599,35 1061,598,34 1063,599,36 1061,599,34 1063,599,35
778,414,35 777,413,36 776,412,34 776,413,34 775,412,35 775,412,35 775,412,33 776,413,32 776,412,35 776,412,33
1499,798,34 1499,798,36 1500,799,33 1498,798,36 1498,797,31 1500,799,33 1499,798,33 1498,798,35 1498,798,35 1497,797,37
1145,592,35 1144,591,32 1144,591,31 1145,592,32 1145,591,32 1146,592,42 1145,591,32 1146,591,32 1145,591,31 1145,590,37
2293,1185,31 2292,1185,34 2291,1185,34 2294,1186,35 2293,1186,33 2295,1187,34 2294,1186,31 2293,1185,36 2293,1185,32 2292,1185,31
1896,966,32 1897,966,34 1895,965,35 1896,966,33 1896,965,29 1895,965,36 1896,965,33 1899,967,32 1900,967,32 1886,954,32
3799,1938,32 3795,1935,33 3796,1936,38 3796,1936,35 3797,1937,37 3797,1936,34 3800,1939,35 3802,1940,33 3800,1939,35 3799,1936,32
3504,1774,33 3503,1771,34 3507,1775,34 3499,1771,33 3499,1771,32 3501,1772,33 3500,1771,35 3506,1773,32 3506,1772,32 3502,1771,35
7010,3549,34 7006,3549,34 7007,3548,33 7006,3546,33 7005,3547,36 7013,3550,34 7014,3552,35 7011,3550,38 7012,3552,35 7006,3547,33
1645,1105,35 1658,1107,33 1667,1115,36 1665,1107,36 1666,1104,35 1672,1114,36 1680,1117,37 1661,1105,34 1677,1112,34 1655,1115,37
3311,2212,35 3286,2194,32 3307,2211,34 3305,2199,36 3300,2202,32 3294,2206,35 3299,2207,32 3311,2210,34 3328,2219,37 3311,2202,35
1854,1075,36 1850,1076,33 1860,1074,32 1867,1079,37 1853,1074,35 1860,1074,37 1863,1077,33 1865,1072,40 1851,1074,36 1850,1072,33
3712,2150,37 3711,2149,32 3706,2146,37 3721,2149,38 3719,2149,36 3718,2155,35 3710,2145,37 3703,2144,35 3718,2149,33 3703,2150,32
2793,1509,33 2791,1507,34 2796,1505,35 2794,1506,32 2801,1513,37 2793,1511,34 2796,1508,37 2791,1508,33 2793,1510,32 2791,1508,36
5374,2910,36 5387,2917,37 5383,2910,39 5397,2917,34 5395,2917,34 5386,2907,36 5377,2909,34 5380,2911,34 5383,2912,32 5385,2915,35
4153,2141,37 4214,2203,34 4208,2197,33 4210,2194,37 4205,2195,32 4209,2197,34 4205,2197,35 4205,2193,32 4207,2195,36 4200,2192,37
8391,4386,36 8396,4382,34 8396,4383,37 8391,4379,36 8394,4382,36 8396,4382,33 8413,4398,36 8393,4379,36 8413,4398,31 8420,4403,38
7276,3728,36 7269,3730,37 7277,3733,36 7265,3726,35 7263,3725,40 7247,3710,35 7270,3735,33 7261,3723,35 7267,3726,35 7282,3733,33
14547,7453,37 14386,7308,34 14523,7456,37 14368,7300,37 14406,7346,38 14380,7311,38 14401,7321,33 14402,7316,37 14404,7317,33 14531,7456,33
20471,10406,33 20460,10395,36 20485,10404,35 20492,10423,35 20472,10403,38 20474,10401,35 20498,10425,37 20502,10408,35 19500,9417,33 19216,9149,35
40777,20806,36 40747,20783,37 40732,20791,35 40788,20816,38 40793,20814,34 38249,18269,36 38359,18354,36 38265,18279,32 38348,18349,33 38562,18585,35
13032,6817,36 12685,6884,37 12436,6612,32 13438,7226,37 12150,6472,37 13714,7189,34 12957,7167,37 13913,7001,38 12673,5959,34 12084,6727,33
24802,14179,36 24215,13465,37 24999,13701,34 24688,13848,34 23015,12751,38 23256,12918,37 25462,13815,36 24230,13754,34 24936,14477,32 26522,14686,36
7204,3815,33 7048,4063,32 8029,3595,33 8430,4351,37 6842,3863,33 6914,3942,36 6999,3064,37 7793,4121,36 6024,3051,38 7393,3760,34
13271,6835,35 13939,6072,33 12433,6067,34 12948,6731,34 13182,6822,33 12379,6080,35 13637,6971,36 13392,7200,32 15094,8165,35 13494,7124,34
3146,1595,33 4251,2699,37 3144,1579,36 4419,2862,34 3133,1578,33 3125,1572,43 3150,1595,31 3148,1598,32 3132,1582,34 3144,1589,32
7734,3213,32 6614,3484,34 6715,3578,34 6265,3169,38 6721,3622,34 6452,3342,34 6673,3569,44 6706,3594,31 8420,5318,33 6259,3173,32
4446,2890,33 3144,1583,36 3136,1578,37 4272,2718,37 3130,1573,33 3128,1575,37 4503,2952,32 4400,1596,32 5750,2868,33 3124,1576,36
4652,1698,35 4661,1716,33 3441,1718,35 3408,1711,37 4397,1994,37 6337,3154,36 6719,3407,37 3405,1692,33 5073,3339,33 5668,2710,34
4434,1599,37 4311,2760,37 4357,2799,36 4372,1577,37 4880,2330,38 5499,2726,38 5598,2869,37 4838,2987,34 4586,1705,35 4494,1587,36
5518,2441,34 5707,2864,34 6148,3095,35 6389,3401,36 6133,3097,36 6210,3068,38 4859,3160,33 6377,3204,35 6167,3074,36 5080,1975,34
2018/09/18 06:06:50.296419585
