commit 987862450d6ceb88a47e9f51dcdb43261f229a78
2018/09/18 06:50:27.279944918
protocol 1
74,41,31 73,40,32 73,40,32 73,40,32 72,40,31 73,40,29 72,40,33 72,40,32 73,40,33 72,40,31
144,85,31 145,83,36 146,83,32 146,83,33 147,84,32 144,84,32 146,82,32 146,82,32 146,84,31 145,83,32
78,41,31 77,40,31 77,40,30 77,40,31 77,40,31 77,40,32 77,40,44 77,40,33 77,41,33 77,40,32
158,85,32 157,84,31 156,84,33 156,84,32 156,84,31 156,84,31 157,84,33 157,84,30 156,84,30 158,84,34
118,59,30 117,58,31 118,59,31 118,59,30 117,58,30 117,58,31 117,59,32 117,59,31 118,58,31 117,59,33
244,125,32 242,125,30 242,124,32 242,124,30 241,124,31 241,124,32 241,125,31 242,124,31 242,124,31 242,124,34
228,115,31 227,115,31 227,115,33 227,115,31 227,115,32 227,115,31 227,115,31 228,115,32 227,115,31 227,115,29
409,207,31 409,207,35 409,207,32 408,207,32 409,207,32 408,207,32 408,206,31 409,207,33 410,207,32 409,207,32
414,208,32 413,208,31 413,208,34 413,208,33 413,207,36 413,208,31 413,208,32 413,208,30 413,207,32 412,207,35
891,452,30 894,453,34 894,454,33 893,453,35 894,453,31 893,453,32 894,453,36 893,453,33 893,453,32 894,453,31
860,435,37 859,435,31 858,434,32 860,433,35 860,434,33 861,433,35 861,433,34 861,435,31 860,434,34 863,434,31
1778,900,33 1785,900,32 1780,899,36 1785,902,31 1792,901,31 1782,902,32 1781,901,32 1780,900,31 1781,900,32 1781,900,32
302,168,31 301,167,32 301,168,32 299,169,34 298,168,33 299,168,31 299,167,33 297,168,32 295,168,33 298,169,37
586,334,34 587,336,34 585,334,35 589,334,33 589,337,33 588,335,45 586,335,35 583,336,32 586,336,34 587,334,35
308,164,32 308,162,32 306,163,33 306,163,32 306,163,34 307,163,32 305,163,31 306,162,36 309,163,32 310,164,31
618,336,41 620,336,32 619,337,33 625,335,32 624,335,32 622,336,35 625,335,33 623,337,32 617,336,38 622,336,32
452,232,35 453,231,32 450,232,33 449,231,32 450,231,33 453,231,34 451,231,33 450,233,31 451,232,34 450,231,32
930,485,37 931,486,36 932,486,33 928,484,33 930,485,34 932,486,32 933,485,36 931,486,32 929,483,34 932,484,31
888,454,32 890,452,32 896,462,36 896,456,36 889,453,35 889,454,32 887,453,36 886,453,35 886,452,33 887,452,31
1589,808,32 1593,810,31 1594,811,32 1588,810,34 1590,809,32 1587,809,31 1586,808,36 1587,809,32 1586,808,36 1586,809,33
1650,829,36 1650,828,36 1651,830,35 1651,830,33 1653,833,33 1668,832,31 1648,829,32 1649,830,32 1656,834,33 1649,829,32
3569,1797,36 3572,1803,31 3566,1801,33 3567,1798,32 3559,1797,35 3580,1798,34 3557,1797,35 3554,1795,31 3563,1797,35 3561,1795,33
3383,1692,33 3394,1701,31 3361,1690,32 3369,1687,33 3360,1685,32 3367,1689,33 3356,1683,38 3367,1683,33 3360,1687,33 3361,1688,31
7088,3506,35 6970,3498,34 7066,3515,33 7020,3526,33 7064,3490,33 7008,3502,33 7057,3488,35 6971,3500,30 7051,3519,33 7009,3498,31
255,143,37 255,142,32 252,141,36 253,142,31 251,142,34 251,142,30 251,142,32 255,142,32 253,142,32 255,142,31
500,284,32 504,285,31 507,286,36 504,287,31 509,286,36 505,285,34 503,286,32 509,286,36 507,286,33 505,285,30
298,149,31 295,147,35 295,147,31 296,147,34 293,147,32 296,147,31 295,147,32 294,147,32 294,147,31 295,147,35
606,306,31 606,307,32 606,307,32 606,307,35 604,307,32 603,307,32 606,306,32 607,307,32 608,307,35 607,307,37
467,222,36 465,220,32 464,220,31 464,220,44 466,220,37 465,220,32 466,221,33 464,221,32 465,220,38 465,221,33
985,471,31 990,474,32 989,473,31 988,472,31 988,473,32 990,474,32 988,472,36 987,473,34 990,474,32 990,473,31
1003,467,33 1002,466,29 1001,465,30 1001,465,32 1001,465,35 1000,464,31 1001,465,32 1003,465,31 1003,466,32 1002,466,31
1758,821,33 1758,821,35 1756,819,33 1758,821,33 1760,820,31 1762,822,31 1760,823,37 1759,820,32 1759,821,33 1756,821,36
1865,858,36 1862,855,32 1860,854,31 1862,853,32 1863,858,32 1860,854,32 1866,857,32 1876,863,31 1864,858,34 1868,855,31
4069,1874,32 4063,1867,35 4078,1884,34 4068,1872,35 4070,1873,33 4064,1868,35 4073,1871,32 4073,1874,36 4065,1866,35 4066,1868,36
3820,1745,33 3824,1747,32 3826,1744,33 3823,1740,31 3825,1747,36 3830,1751,32 3816,1741,34 3822,1745,37 3836,1759,34 3820,1742,35
7971,3637,33 7971,3640,32 7971,3634,33 7988,3641,31 8001,3666,33 7979,3639,37 7976,3637,32 7974,3635,31 7957,3628,36 7961,3635,32
1001,636,31 1001,637,36 998,637,33 1001,637,31 1000,637,35 1004,636,31 997,633,34 992,633,32 997,633,35 998,633,32
1992,1267,35 1991,1261,32 1988,1268,34 1980,1268,34 1971,1267,32 1979,1264,43 1975,1261,38 1977,1260,37 1985,1265,36 1979,1266,36
1236,696,33 1231,696,32 1235,695,32 1242,694,36 1240,694,36 1246,700,33 1244,696,35 1234,693,33 1238,694,36 1237,694,31
2549,1443,37 2546,1436,33 2549,1437,37 2554,1434,34 2550,1431,35 2536,1432,32 2541,1430,33 2538,1435,37 2545,1430,34 2545,1430,33
1948,1032,35 1944,1027,32 1953,1032,33 1947,1033,33 1954,1040,33 1948,1031,34 1940,1029,32 1940,1030,34 1950,1041,35 1952,1037,36
4235,2253,35 4243,2255,33 4241,2247,32 4245,2257,33 4223,2250,33 4233,2255,32 4233,2256,33 4240,2265,33 4219,2251,35 4213,2246,34
4372,2256,36 4379,2260,34 4393,2274,37 4381,2266,33 4402,2271,33 4413,2277,33 4403,2273,34 4400,2274,33 4374,2256,37 4381,2260,33
7530,3865,32 7531,3878,36 7505,3873,32 7551,3875,34 7518,3871,33 7483,3861,35 7487,3857,31 7487,3856,34 7539,3878,37 7548,3890,34
8366,4262,33 8345,4252,34 8324,4249,35 8347,4259,35 8335,4271,31 8361,4267,33 8349,4270,34 8391,4270,38 8375,4269,32 8423,4284,32
18493,9455,33 18559,9451,34 18587,9507,35 18624,9482,34 18459,9457,31 18568,9530,31 18594,9491,33 18548,9510,35 18615,9492,34 18596,9535,33
17442,8836,33 17483,8874,32 17450,8855,38 17434,8859,33 17463,8866,33 17415,8857,38 17473,8880,33 17484,8893,45 17544,8907,33 17542,8905,34
36777,18643,33 36731,18478,33 36840,18676,33 36827,18681,37 36861,18713,33 36632,18513,37 36826,18663,34 36797,18670,37 36833,18686,34 36756,18604,37
1206,781,36 1212,788,33 1195,772,35 1195,770,35 1193,771,35 1198,772,33 1205,774,32 1194,772,34 1194,771,31 1206,768,33
2381,1535,36 2387,1541,33 2398,1540,35 2378,1539,38 2374,1539,32 2398,1542,32 2379,1542,33 2372,1535,35 2382,1535,33 2384,1541,38
1508,853,32 1507,853,33 1514,853,32 1517,858,34 1519,857,35 1509,853,35 1504,852,34 1510,855,32 1505,853,32 1514,854,31
3131,1779,32 3132,1775,33 3134,1776,32 3127,1774,33 3134,1774,36 3114,1777,33 3121,1770,31 3121,1772,34 3116,1771,32 3131,1773,32
2400,1279,35 2411,1288,32 2415,1283,32 2399,1273,33 2400,1275,32 2400,1273,34 2416,1284,32 2403,1275,32 2423,1280,32 2409,1280,33
5264,2806,31 5264,2800,33 5281,2818,32 5254,2807,33 5263,2809,33 5256,2809,35 5260,2807,35 5283,2820,32 5281,2824,33 5261,2827,33
5445,2827,34 5425,2808,33 5460,2843,32 5423,2809,38 5428,2813,35 5446,2827,33 5435,2813,36 5432,2820,34 5435,2818,33 5447,2818,33
9305,4812,33 9289,4812,35 9300,4821,37 9288,4800,34 9279,4809,38 9289,4807,33 9290,4814,34 9301,4819,33 9313,4821,34 9314,4825,33
10219,5205,33 10207,5207,36 10199,5204,36 10196,5193,48 10199,5195,34 10218,5219,34 10239,5220,34 10231,5220,34 10265,5229,33 10237,5210,34
22692,11580,32 22630,11545,33 22669,11580,33 22727,11586,33 22684,11537,33 22695,11581,34 22668,11549,34 22725,11592,33 22685,11582,37 22662,11562,35
21132,10675,32 21126,10684,38 21124,10683,34 21092,10648,36 21118,10670,33 21171,10713,33 21154,10696,38 21210,10732,33 21179,10698,37 21095,10655,36
44387,22413,33 44502,22493,38 44495,22466,35 44638,22551,36 44328,22251,35 44563,22579,35 44112,22096,36 44542,22558,34 44487,22518,35 44403,22424,37
14341,7152,33 12602,6201,37 11673,5969,34 12921,7143,37 15253,9446,34 15170,7487,37 11866,5846,38 12251,6436,35 12621,6788,38 13566,7802,34
27500,15130,46 26083,14580,34 24568,12345,35 26791,13709,34 24558,12437,34 31422,18406,37 26935,14507,35 29447,15548,36 26647,14318,33 29071,16173,36
9380,4576,34 8524,4307,37 9688,5038,34 8217,4230,31 9243,4673,37 7183,3564,36 8515,4362,34 8488,4942,33 8599,4728,33 7908,3936,34
15233,7881,38 15925,8239,34 16827,8456,34 18320,9065,36 15840,7765,34 15066,7975,35 15751,8280,38 14598,7242,34 15398,7847,33 15639,7900,37
4665,2478,34 5513,2733,37 6081,2962,38 4439,2155,37 5531,2748,37 6718,3363,33 5661,2892,34 5790,3019,36 6176,3137,39 4511,2185,37
8783,4537,36 8746,4299,35 9429,4546,34 11084,5654,37 9715,4719,37 10458,5236,34 9901,4899,35 8623,4341,36 8588,4308,34 7693,4049,32
4454,2239,36 3585,1630,35 3282,1620,33 4416,2198,35 3356,1675,34 4471,2216,34 4812,2382,33 5657,2656,34 5980,2702,38 3366,1725,35
7053,3472,35 7739,3989,33 6554,3436,35 7212,4049,34 6560,3341,38 6305,3158,36 6340,3200,34 7820,3833,36 6332,3158,35 6279,3142,34
3755,1905,37 3571,1622,34 3688,1814,37 3568,1671,35 3729,1915,33 3604,1891,33 3351,1450,36 3550,1643,37 4083,1625,36 3834,1841,31
6183,3302,33 6340,3438,33 5788,2834,39 6648,3714,38 6340,3004,37 6487,3277,36 5794,2906,34 6089,2872,39 6603,2955,37 6900,3764,34
protocol 2
71,40,36 68,39,31 68,37,31 68,38,35 66,37,34 67,37,32 68,38,32 67,37,32 67,37,31 67,37,34
137,79,34 138,79,32 138,79,31 137,79,34 136,79,30 138,79,32 138,79,33 139,79,36 136,79,30 139,78,33
60,32,31 59,32,32 59,32,31 59,32,34 60,31,32 59,32,31 59,31,30 59,32,32 59,32,30 59,31,30
119,65,32 118,65,31 119,64,31 120,65,32 118,65,32 118,65,31 118,64,31 120,65,32 118,65,32 118,64,33
79,40,33 79,40,30 79,40,30 79,40,30 79,40,31 79,40,31 79,40,30 79,41,34 79,40,30 79,40,31
153,79,32 152,79,30 152,79,30 152,79,30 152,79,31 152,79,31 153,79,31 152,79,31 152,78,32 152,79,30
112,57,31 112,56,31 113,57,30 113,57,30 113,57,30 113,57,32 113,57,33 112,56,31 112,57,32 112,56,30
226,115,31 226,115,32 225,115,31 225,114,33 226,115,32 225,115,30 225,115,30 225,115,32 225,115,31 226,115,32
186,94,34 186,94,32 186,94,32 186,93,30 186,93,30 185,93,30 185,92,31 186,94,32 186,93,33 186,93,31
372,187,31 372,187,32 371,187,33 371,187,30 371,186,31 371,187,32 371,187,31 371,188,32 371,187,32 371,188,32
337,168,35 337,168,31 337,168,31 338,168,32 337,168,29 337,168,31 336,168,30 337,168,32 337,168,31 337,168,31
676,338,31 675,338,31 675,337,31 674,337,31 674,337,35 674,337,34 674,337,31 675,337,32 675,337,32 674,337,32
287,169,31 288,168,34 286,168,32 291,166,37 288,168,37 287,170,33 289,171,35 291,169,36 294,170,31 286,169,34
576,338,34 581,341,36 583,341,32 585,343,35 574,340,36 582,340,37 582,343,32 576,341,36 589,346,33 578,344,37
253,145,35 253,141,31 253,138,32 252,141,33 252,140,33 254,140,34 258,142,33 253,142,31 248,139,32 257,144,35
509,281,35 505,284,37 502,281,36 513,284,38 509,276,35 509,284,31 512,288,32 511,287,33 513,285,33 508,284,33
339,176,31 338,177,33 332,175,32 335,178,34 325,170,32 333,171,32 338,182,31 332,179,33 331,175,31 330,176,33
635,343,33 641,344,35 640,343,32 642,337,36 635,340,33 650,358,35 646,340,35 635,339,31 635,340,32 643,343,36
456,233,31 453,232,31 452,232,31 453,231,34 453,232,35 451,231,32 454,232,31 461,241,36 452,231,34 454,232,32
918,474,32 909,468,33 912,469,33 911,470,35 910,469,33 907,468,36 909,468,36 908,468,33 918,474,36 913,471,34
756,384,35 755,380,33 745,379,32 745,379,32 751,379,34 745,381,36 738,375,31 740,376,34 746,377,31 741,376,36
1499,765,35 1504,765,37 1501,765,33 1500,764,34 1505,765,37 1497,758,41 1503,765,33 1490,757,36 1488,758,35 1491,758,37
1386,700,33 1400,708,33 1401,709,33 1392,704,33 1388,702,32 1385,703,34 1389,707,33 1382,699,32 1381,699,32 1393,707,36
2786,1418,35 2772,1405,33 2783,1409,37 2803,1408,34 2814,1428,36 2795,1411,34 2791,1409,34 2772,1403,35 2771,1404,37 2775,1409,36
230,139,37 228,137,32 227,137,32 229,137,35 229,137,35 227,137,33 226,137,38 228,137,33 227,137,31 228,137,32
460,279,33 463,280,33 463,280,37 461,280,32 460,280,33 460,279,33 460,279,35 464,279,32 460,280,32 462,280,33
219,121,35 217,121,34 216,120,34 216,120,33 216,120,34 216,120,31 217,120,33 216,120,35 216,120,31 216,120,37
436,244,31 436,244,32 437,245,37 435,244,36 435,244,32 436,244,31 437,244,35 438,244,32 439,244,31 436,244,36
312,165,31 310,165,32 311,165,33 311,165,32 310,165,31 310,166,37 313,167,32 311,166,33 310,165,32 310,165,31
599,321,34 603,321,36 600,321,31 599,321,37 600,321,31 601,321,33 601,321,36 600,321,33 600,321,34 601,322,32
448,232,34 446,232,32 446,231,32 446,231,33 445,231,31 446,231,36 447,232,32 447,232,36 446,231,31 446,231,32
895,467,31 894,467,32 895,467,32 897,468,34 898,468,32 896,468,33 896,466,35 894,467,36 894,467,34 896,467,32
742,380,33 743,380,35 743,380,32 744,381,32 744,381,32 742,379,32 742,379,42 743,379,33 745,379,34 741,379,32
1487,764,35 1489,765,32 1491,766,33 1494,768,37 1493,767,32 1490,765,32 1490,765,34 1487,764,35 1488,764,32 1489,764,34
1346,686,37 1350,687,33 1350,688,33 1347,686,37 1346,685,32 1344,685,33 1344,685,33 1345,685,32 1344,684,35 1346,685,37
2704,1382,39 2709,1384,32 2710,1384,32 2697,1377,38 2697,1378,33 2700,1377,33 2700,1377,36 2698,1377,36 2697,1377,35 2699,1378,34
1071,694,32 1069,683,33 1070,691,35 1081,693,35 1080,692,30 1054,685,37 1090,702,35 1067,700,33 1068,699,32 1084,699,36
2124,1378,37 2148,1397,36 2140,1388,35 2149,1388,33 2130,1381,37 2147,1399,38 2133,1382,34 2144,1384,32 2163,1407,32 2120,1382,37
1138,650,36 1129,640,35 1133,642,35 1132,642,36 1138,642,36 1134,642,37 1136,643,32 1137,646,32 1139,644,31 1135,645,36
2268,1286,35 2265,1284,33 2277,1290,33 2267,1285,32 2262,1288,32 2264,1284,33 2269,1290,36 2272,1290,36 2272,1290,32 2261,1287,36
1673,892,33 1667,891,33 1675,892,36 1668,889,35 1667,887,36 1669,888,34 1674,890,37 1677,890,34 1676,893,36 1672,891,33
3221,1718,37 3220,1719,37 3228,1726,33 3234,1729,33 3227,1720,37 3215,1721,33 3223,1722,36 3223,1719,35 3205,1716,37 3205,1717,35
2558,1317,33 2546,1311,33 2540,1311,33 2541,1314,33 2547,1310,33 2544,1310,33 2548,1321,33 2547,1318,33 2534,1309,34 2543,1318,33
5082,2639,39 5071,2632,35 5094,2647,37 5110,2643,33 5122,2650,34 5119,2659,33 5075,2634,33 5063,2622,38 5075,2633,36 5090,2631,34
4307,2186,34 4300,2186,33 4322,2196,35 4325,2200,33 4305,2192,36 4312,2193,33 4284,2183,35 4276,2180,38 4321,2203,33 4310,2197,35
8597,4387,34 8628,4399,34 8621,4374,35 8628,4388,36 8599,4379,35 8611,4371,34 8581,4366,40 8580,4359,35 8541,4319,39 8515,4307,37
14934,7593,34 14965,7618,39 14956,7602,40 14998,7646,38 14939,7627,34 14942,7624,37 14652,7632,34 14963,7631,34 14932,7616,36 14935,7616,37
29745,15241,36 29741,15238,38 29797,15262,38 28738,14216,34 28762,14209,34 28888,14341,33 28712,14204,39 28777,14278,35 28683,14183,38 28780,14261,34
1221,795,34 1228,805,32 1238,807,34 1237,805,36 1232,798,34 1216,805,36 1230,806,34 1228,795,32 1228,797,36 1208,792,36
2412,1580,32 2418,1577,36 2457,1604,33 2445,1601,32 2457,1611,33 2450,1594,33 2437,1584,32 2437,1585,37 2434,1592,33 2456,1604,37
1311,752,37 1322,752,34 1315,753,34 1325,750,36 1324,749,36 1321,753,33 1323,750,37 1321,750,35 1328,750,36 1327,752,36
2625,1498,34 2628,1504,31 2639,1503,34 2643,1498,31 2644,1494,33 2643,1497,32 2639,1502,35 2636,1499,33 2622,1498,34 2649,1501,33
1954,1041,32 1973,1043,35 1950,1043,33 1955,1046,33 1965,1039,36 1949,1041,33 1947,1040,33 1972,1066,37 1950,1040,37 1964,1040,35
3811,2015,37 3799,2013,35 3792,2005,34 3757,2010,31 3798,2009,38 3755,2009,33 3773,2013,34 3786,2005,34 3807,2015,39 3796,2013,35
2930,1515,39 2939,1523,36 2936,1518,38 2938,1519,34 2965,1521,34 2960,1518,38 2956,1532,34 2953,1529,34 2977,1531,37 2950,1531,37
5889,3053,38 5887,3048,37 5877,3049,34 5874,3048,37 5878,3051,34 5889,3062,39 5903,3064,36 5910,3065,34 5891,3064,36 5925,3059,38
4916,2520,34 4907,2507,34 4957,2505,35 4908,2504,37 4924,2516,32 4975,2523,36 4911,2512,34 4917,2517,33 4954,2508,37 4962,2519,39
9895,5009,37 9900,5016,34 9814,5014,33 9853,5051,35 10011,5104,37 9906,4994,33 9875,5015,33 9858,4947,36 9831,4948,33 9756,4927,34
16140,8188,37 16122,8179,39 16135,8194,38 16111,8179,37 16155,8214,36 16131,8179,41 16161,8206,36 16147,8200,34 16126,8177,38 16145,8192,33
32084,16371,34 32111,16388,36 31101,15347,36 30491,14734,37 32139,16395,33 32146,16392,35 32184,16417,34 32173,16412,36 32256,16443,33 32205,16444,36
9365,4749,34 9363,4736,39 9301,4718,36 9357,4743,33 10242,4749,34 9347,4751,37 9387,4751,33 9367,4767,32 9382,4731,37 10276,5659,38
16320,8345,32 16384,8391,39 16395,8369,36 16392,8384,36 16414,8323,36 16309,8326,34 16442,8375,32 16502,8398,34 16522,8482,35 16432,8365,33
4818,2456,33 5257,2895,33 4820,2447,37 4795,2424,38 4786,2429,35 4823,2463,36 4808,2451,37 5306,2948,34 4825,2462,35 5164,2808,37
9552,4845,33 9554,4827,34 9604,4854,33 9572,4857,36 10899,6172,33 9580,4862,36 10611,4870,37 9574,4870,37 9596,4853,34 9568,4838,42
3504,1297,33 2908,1639,36 2526,1266,31 2544,1282,37 2554,1293,34 2545,1290,36 3358,1289,34 2557,1296,36 3465,2219,37 2535,1272,33
5054,2572,33 7575,3798,37 5038,2556,37 5044,2537,34 5513,2565,35 5024,2535,34 5046,2556,33 5069,2574,37 5037,2556,34 5051,2564,36
2521,1268,34 2705,1427,33 3423,2176,33 3931,1881,33 3415,1264,32 2585,1331,37 2539,1279,36 2853,1516,37 2801,1545,37 2540,1290,36
3023,1617,31 2812,1403,35 2796,1403,37 3714,1408,36 3034,1395,33 4609,2299,33 3737,2345,36 4370,2291,37 3696,2296,35 3692,2307,32
3415,1292,34 3417,2175,38 3960,1905,36 2686,1437,35 4077,2166,37 4331,2220,37 3373,2130,35 4121,2161,32 3176,1936,34 3399,1285,35
3726,2347,53 4631,2336,34 3710,2312,40 3758,1485,34 3651,1406,36 3927,1667,35 4331,1999,31 3652,2280,36 4334,2051,32 4443,2175,32
2018/09/18 09:00:48.466753347
