commit f86bb8d354e952f46e9f408cbfa3850bf9c091eb
2018/09/14 16:53:43.889164460
protocol 1
117,53 117,46 118,44 112,46
111,30 86,27 52,29 55,32
155,92 189,94 212,109 190,105
201,110 104,59 129,56 131,59
protocol 2
152,88 181,90 171,85 170,90
93,53 159,89 135,87 95,58
329,202 348,219 345,218 314,186
185,113 183,102 273,170 313,177
1334,750 1291,740 1342,750 1317,772
916,509 738,437 992,505 1113,655
2690,1568 2665,1531 2691,1518 2708,1512
1823,1011 2075,1130 1534,936 1514,885
2018/09/14 16:55:59.791663644
