commit af8116d9df1e7265a038fd4bdf8cd68f47b6944e
2018/09/17 19:12:16.548962804
protocol 1
147,89,78 143,88,78 143,88,99 142,87,38 143,87,34 144,88,79 141,88,81 143,88,75 143,87,44 143,87,76
286,175,33 285,177,42 285,177,79 283,179,40 284,177,44 284,179,64 284,176,79 286,178,63 284,179,79 288,177,79
167,94,80 166,91,37 165,91,79 166,91,81 167,91,39 166,91,74 165,91,36 166,91,56 165,91,79 167,92,39
342,192,78 342,191,66 341,191,68 343,191,71 340,190,40 341,191,95 340,190,37 341,192,67 339,191,39 341,191,39
256,135,78 256,135,36 256,135,33 256,134,86 256,134,85 255,134,97 255,135,63 256,133,39 255,133,37 256,135,78
550,291,39 552,292,40 551,292,38 552,292,37 551,292,35 553,293,40 551,292,35 551,292,39 551,292,38 552,293,38
547,283,35 547,283,79 547,284,77 546,282,67 546,281,38 546,282,66 546,281,34 547,282,73 546,282,37 547,282,36
946,489,37 947,489,43 948,490,60 948,490,78 949,491,74 948,490,38 946,489,76 948,491,35 948,491,38 952,495,79
996,509,40 997,509,41 996,509,40 994,507,37 993,507,57 996,509,66 995,508,80 996,510,41 996,509,36 995,509,38
2190,1121,35 2192,1122,86 2193,1123,66 2194,1124,71 2196,1127,37 2193,1123,67 2195,1126,37 2192,1123,57 2190,1121,40 2192,1123,67
2039,1035,65 2040,1035,58 2040,1036,38 2042,1038,75 2040,1035,38 2040,1036,72 2042,1037,74 2041,1037,54 2039,1035,81 2040,1036,70
4274,2173,76 4282,2177,84 4279,2177,41 4278,2175,80 4280,2177,69 4272,2171,65 4285,2183,41 4281,2177,84 4279,2176,79 4277,2174,38
566,345,78 566,346,82 564,346,37 565,347,62 569,346,41 565,347,65 569,347,75 571,346,78 570,346,81 561,346,37
1125,692,37 1124,692,57 1132,694,80 1125,692,41 1128,693,34 1121,693,39 1119,689,58 1122,690,38 1122,690,74 1123,690,74
657,365,67 658,364,34 656,365,83 656,363,81 657,364,39 657,365,82 657,364,41 658,365,63 653,364,41 657,364,41
1346,753,67 1346,753,42 1347,753,42 1346,754,63 1350,757,41 1345,753,40 1344,753,42 1347,753,42 1346,754,42 1345,754,68
1004,528,44 1000,525,39 1004,527,92 999,527,65 1001,527,74 1003,528,82 1003,527,42 1002,527,68 1001,527,59 1001,529,38
2162,1144,62 2159,1143,79 2152,1143,36 2163,1145,79 2161,1146,43 2157,1144,38 2159,1144,80 2157,1144,60 2154,1144,67 2154,1143,74
2156,1115,62 2155,1114,78 2158,1117,67 2157,1115,44 2159,1115,38 2159,1114,80 2155,1115,66 2160,1116,65 2159,1115,40 2158,1116,70
3736,1937,66 3725,1923,63 3732,1931,35 3736,1935,66 3742,1940,40 3725,1923,81 3724,1922,37 3724,1922,65 3723,1923,80 3725,1923,84
3975,2031,41 3960,2017,79 3966,2026,78 3963,2016,38 3963,2018,94 3962,2014,84 3961,2018,69 3959,2016,79 3953,2012,69 3959,2017,78
8838,4562,79 8788,4471,42 9058,4650,65 8795,4448,40 8824,4516,34 8776,4504,39 8822,4556,34 8759,4497,32 9200,4484,33 8884,4507,71
8114,4105,43 8101,4100,38 8149,4131,84 8126,4114,39 8153,4129,60 8128,4106,42 8134,4125,63 8118,4114,45 8129,4113,37 8120,4113,38
17115,8647,37 17657,8652,37 17167,8772,42 17780,8783,73 17041,8635,84 17087,8665,42 17044,8656,42 17047,8610,43 17045,8627,69 17172,8612,43
520,324,64 518,324,46 518,323,42 517,323,64 517,323,38 517,323,80 517,324,72 516,323,76 517,323,38 517,323,37
1032,647,78 1034,648,67 1035,648,57 1036,649,79 1035,648,68 1032,647,39 1032,648,80 1032,648,38 1034,648,80 1035,647,79
633,350,71 630,349,48 630,349,65 630,349,38 630,349,78 630,349,38 631,349,39 631,349,38 629,349,35 631,350,67
1303,727,78 1306,728,43 1306,727,81 1306,728,78 1306,728,61 1307,728,79 1306,728,63 1307,728,78 1306,728,63 1306,729,65
991,520,37 990,519,58 990,519,66 989,519,81 989,519,41 992,522,37 991,522,42 990,519,37 990,520,35 990,520,37
2155,1137,79 2156,1138,41 2156,1138,37 2156,1138,37 2158,1138,41 2157,1138,80 2157,1140,65 2157,1138,87 2156,1138,64 2157,1138,37
2204,1133,38 2203,1133,79 2204,1133,79 2208,1137,38 2203,1133,79 2202,1133,37 2202,1133,81 2202,1133,43 2202,1133,69 2202,1133,64
3782,1945,70 3780,1944,77 3781,1944,78 3783,1945,71 3783,1945,42 3782,1945,41 3782,1945,38 3781,1944,70 3782,1944,74 3781,1944,41
4058,2060,78 4060,2061,80 4059,2061,41 4062,2061,79 4069,2069,44 4058,2059,46 4058,2059,42 4058,2059,40 4060,2061,68 4061,2061,38
8973,4563,78 8978,4568,86 8977,4564,40 8974,4561,61 8969,4564,33 8971,4561,36 8974,4562,69 8978,4562,39 8977,4562,35 8977,4565,44
8302,4170,67 8343,4208,74 8354,4219,36 8344,4215,91 8351,4218,36 8344,4215,35 8340,4213,38 8341,4213,40 8345,4215,71 8349,4217,40
17538,8857,39 17544,8861,36 17538,8860,65 17523,8850,37 17523,8851,36 17532,8856,66 17532,8856,69 17524,8852,41 17515,8849,34 17521,8851,34
1719,1143,35 1721,1145,39 1712,1144,40 1712,1142,36 1725,1144,66 1719,1145,81 1715,1143,37 1727,1141,36 1717,1144,65 1704,1144,36
3419,2285,35 3423,2288,66 3429,2292,67 3431,2290,40 3431,2289,40 3428,2285,35 3413,2290,37 3413,2283,35 3416,2290,35 3426,2281,36
2187,1273,38 2190,1277,37 2183,1272,34 2180,1273,36 2185,1273,41 2187,1272,38 2184,1269,35 2188,1276,37 2181,1273,36 2193,1272,35
4517,2645,34 4523,2638,50 4521,2652,33 4521,2643,35 4517,2650,36 4539,2648,35 4515,2645,36 4527,2647,35 4524,2645,42 4527,2643,35
3487,1904,35 3487,1902,39 3489,1902,63 3492,1902,35 3489,1904,35 3493,1912,36 3486,1902,65 3488,1901,59 3493,1907,55 3495,1908,35
7712,4217,35 7686,4207,37 7662,4188,41 7666,4195,66 7675,4186,35 7675,4198,35 7742,4209,35 7671,4194,65 7686,4203,73 7708,4219,36
7989,4226,42 8084,4267,36 7991,4232,36 7995,4230,37 7999,4228,40 7995,4220,63 7994,4227,34 7999,4230,70 7975,4216,68 7971,4218,38
13589,7179,72 13554,7158,37 13564,7164,39 13567,7171,38 13575,7166,44 13596,7195,39 13580,7171,43 13558,7161,45 13608,7190,40 13605,7191,67
14836,7712,39 14837,7714,37 14875,7742,38 14859,7732,66 14873,7740,39 14835,7713,36 14834,7709,46 14861,7735,37 14847,7722,65 14830,7704,40
32926,17122,65 32903,17109,39 33025,17179,73 33042,17208,38 33015,17194,43 32932,17132,42 32964,17136,70 32972,17152,37 32950,17140,40 32920,17116,70
32267,16489,42 32288,16485,67 32336,16554,71 32318,16530,41 32239,16481,35 32227,16480,34 32322,16548,40 32325,16555,36 32273,16532,94 32241,16482,38
68095,34825,37 67463,34258,41 68238,34954,36 68114,34855,59 68278,34986,39 68165,34932,72 68036,34828,36 67041,33831,65 67233,34008,41 67453,34197,38
17476,8969,41 19534,10617,40 23470,12972,58 23030,11758,69 20793,11325,72 22577,12283,66 20260,11643,35 17626,8592,38 17243,8634,39 18893,10366,39
44893,23722,36 41692,22089,71 40849,22224,38 36659,18730,59 38376,20042,40 38561,20137,40 39788,20452,38 47539,26331,69 43010,24729,41 41683,22357,39
11929,5854,65 10626,5449,36 10380,5185,35 14379,7390,37 13016,7256,37 11807,6826,35 13972,6989,37 10404,5385,65 13823,7739,38 13688,7510,39
24290,13568,37 26840,13648,66 20473,10759,34 20885,11206,41 24099,12249,42 21978,12136,70 22415,11891,70 25624,12859,42 25232,13602,43 23283,11863,70
10964,6688,38 6537,3409,41 10667,5416,37 9294,4642,43 8031,4908,35 7049,3496,40 6572,3463,37 9271,5285,66 9488,5253,67 6320,3199,38
16037,8189,41 16853,8622,80 17789,8955,37 12890,6787,44 16914,9667,36 14726,7351,39 14327,7348,72 13038,6809,42 14682,7636,39 14731,7534,43
4707,2473,40 6746,3630,38 6582,3198,45 4814,2529,36 4512,2266,35 7296,4117,38 5842,3597,43 6424,3286,41 5565,2340,36 6335,3171,35
8274,3608,37 11231,5007,39 9711,4847,40 8839,4505,40 8870,4521,37 11509,7124,38 9831,5457,40 9053,4696,41 9957,4780,35 8842,4491,38
7631,3940,64 4974,2715,65 5115,2341,67 6264,2756,42 5000,2274,38 4163,1399,37 6625,3140,36 5251,2591,36 5482,2361,36 5517,2668,65
9411,4657,66 9058,4307,50 10206,5193,75 9786,3967,39 10092,5234,39 10784,4226,40 7437,3679,37 10033,5210,78 10055,5256,37 10483,5502,36
protocol 2
139,86,40 138,84,37 135,84,34 136,84,36 134,84,48 135,84,36 135,84,36 136,84,34 135,84,38 134,84,39
272,170,62 272,170,33 273,170,35 272,170,38 273,170,37 273,170,34 273,170,34 271,170,36 273,170,45 274,170,36
136,77,41 136,76,36 136,76,39 136,76,33 136,76,33 136,76,32 136,76,34 136,76,34 135,76,35 136,76,37
272,154,40 271,153,35 271,153,35 270,153,35 271,153,38 271,153,37 271,153,39 270,153,37 271,153,33 271,153,38
193,103,34 193,103,34 192,103,34 193,103,33 192,103,38 193,103,39 193,103,59 193,103,35 192,103,35 193,103,37
372,198,35 371,198,35 371,198,32 371,198,37 371,198,43 371,198,38 372,198,39 371,198,34 371,198,35 371,198,35
279,144,36 279,144,32 280,144,35 279,144,39 279,144,33 279,144,32 279,144,33 280,144,76 279,144,35 280,144,38
558,289,39 558,288,35 558,289,39 558,288,37 558,289,36 558,288,38 558,288,33 559,289,35 558,288,38 559,289,34
459,234,34 459,234,33 459,234,35 459,234,44 458,233,33 459,234,35 459,234,33 459,234,38 459,234,34 458,234,33
918,468,39 917,468,45 917,468,34 918,468,34 918,468,39 917,468,34 918,468,35 917,468,38 917,467,39 917,468,36
831,420,58 831,420,34 831,420,33 831,420,37 831,420,34 831,421,34 830,420,34 831,421,35 831,420,33 831,420,34
1664,842,35 1662,841,33 1661,840,58 1662,842,38 1662,841,35 1662,841,34 1663,842,38 1663,842,35 1661,841,38 1661,840,34
545,342,36 552,352,36 545,345,38 554,350,42 553,350,35 553,347,39 547,346,37 553,349,39 546,346,35 555,348,40
1094,688,66 1096,690,68 1101,688,40 1090,688,41 1094,692,34 1091,690,36 1099,691,36 1098,689,35 1096,686,35 1115,700,35
553,315,35 555,313,39 555,318,35 554,316,40 553,317,34 552,313,68 547,310,65 554,318,66 547,311,37 551,316,35
1105,625,39 1104,632,39 1108,630,35 1107,625,35 1109,637,35 1113,633,40 1108,631,38 1099,626,39 1104,626,37 1116,632,40
776,414,58 777,420,38 780,415,32 784,421,35 783,420,34 779,416,37 776,419,33 774,412,37 784,422,44 781,419,37
1502,810,34 1508,807,34 1509,818,36 1518,819,37 1519,816,36 1517,816,39 1509,812,35 1515,810,66 1509,815,37 1516,813,35
1122,583,35 1119,581,37 1119,581,33 1133,592,35 1121,581,38 1128,581,36 1118,581,38 1120,580,37 1118,580,34 1120,581,35
2245,1168,35 2247,1168,37 2246,1169,35 2244,1167,35 2247,1167,42 2244,1167,36 2244,1167,34 2252,1169,36 2249,1170,35 2246,1168,37
1850,945,40 1847,946,65 1846,945,37 1845,944,36 1843,942,34 1844,942,34 1844,944,35 1843,943,40 1843,943,35 1850,946,36
3709,1901,35 3703,1896,37 3706,1894,66 3697,1892,36 3705,1893,37 3713,1906,42 3707,1901,38 3722,1899,42 3706,1898,40 3715,1900,37
3379,1716,42 3365,1712,56 3372,1718,35 3367,1712,35 3367,1711,35 3380,1723,68 3379,1723,38 3373,1715,35 3376,1720,38 3369,1714,85
6736,3425,36 6764,3446,71 6762,3445,35 6767,3444,42 6768,3444,37 6782,3449,37 6783,3452,73 6748,3433,38 6747,3433,35 6775,3448,37
502,317,67 499,315,36 499,315,36 500,315,35 498,315,38 499,315,37 499,315,35 499,315,48 498,315,35 499,315,36
999,635,39 999,635,34 1000,633,36 1002,635,36 1002,634,36 1002,634,39 1000,636,36 1003,635,36 1002,635,38 1000,633,35
533,299,34 529,298,35 529,297,34 530,298,39 530,298,39 529,298,38 529,298,36 530,298,37 529,298,33 530,298,34
1063,599,38 1064,600,45 1063,599,44 1063,599,38 1064,600,38 1065,600,38 1064,600,35 1064,599,57 1064,599,35 1064,599,36
778,413,36 777,413,38 777,412,35 777,413,35 776,412,35 776,412,38 776,412,35 777,412,38 776,412,38 776,412,36
1499,799,39 1501,799,38 1501,799,42 1500,799,45 1501,799,35 1501,799,40 1501,799,36 1500,799,64 1500,799,39 1501,799,37
1146,591,69 1145,592,67 1145,592,39 1145,591,34 1146,592,34 1147,592,34 1146,592,34 1147,592,34 1147,592,33 1146,592,41
2294,1186,38 2295,1186,41 2295,1186,34 2298,1189,34 2298,1189,37 2296,1188,36 2296,1187,39 2295,1186,37 2295,1186,35 2296,1187,36
1898,967,37 1901,968,39 1900,968,43 1899,967,36 1899,967,34 1897,967,39 1897,967,34 1900,968,38 1900,968,36 1899,967,45
3803,1938,38 3806,1939,35 3804,1938,38 3804,1939,36 3801,1938,33 3806,1941,36 3806,1941,37 3801,1937,36 3798,1935,41 3800,1936,41
3505,1772,37 3508,1773,36 3507,1772,35 3508,1775,36 3508,1774,34 3507,1774,36 3507,1774,66 3505,1773,34 3503,1773,37 3507,1774,35
7021,3554,36 7025,3557,35 7027,3556,36 7017,3550,41 7016,3550,35 7019,3554,36 7018,3551,38 7024,3552,36 7023,3552,36 7022,3553,36
1708,1139,37 1675,1127,37 1695,1136,35 1705,1145,66 1691,1134,63 1684,1121,36 1709,1149,35 1669,1122,40 1691,1131,38 1705,1136,70
3359,2253,36 3386,2268,65 3360,2235,35 3361,2240,66 3361,2230,65 3351,2237,39 3369,2244,35 3379,2249,37 3379,2268,35 3407,2286,36
1861,1076,36 1860,1074,40 1853,1074,68 1861,1074,37 1863,1075,40 1862,1081,37 1864,1074,35 1856,1076,39 1862,1074,37 1862,1079,35
3712,2147,37 3724,2144,38 3722,2153,40 3721,2150,37 3709,2149,37 3715,2148,36 3708,2148,37 3719,2150,37 3721,2152,39 3709,2149,36
2789,1507,35 2786,1505,37 2793,1504,35 2790,1505,36 2788,1506,35 2792,1510,39 2796,1507,35 2797,1508,63 2806,1508,66 2783,1504,36
5376,2902,37 5375,2903,68 5378,2904,40 5382,2907,41 5375,2905,37 5388,2907,66 5394,2911,38 5366,2902,41 5384,2909,41 5389,2913,40
4198,2191,35 4207,2196,72 4209,2196,67 4205,2194,67 4194,2193,41 4197,2191,34 4197,2190,85 4207,2200,39 4198,2189,65 4204,2194,38
8392,4381,39 8388,4382,71 8385,4379,66 8418,4392,37 8408,4387,37 8393,4383,38 8392,4382,39 8396,4385,41 8385,4382,65 8409,4393,38
7261,3719,38 7270,3726,65 7267,3724,36 7279,3727,37 7294,3737,35 7224,3720,36 7266,3723,36 7265,3724,42 7266,3726,38 7268,3725,37
14532,7454,37 14550,7457,43 14550,7459,38 14515,7437,79 14537,7449,39 14497,7429,40 14503,7434,39 14539,7449,40 14542,7458,38 14516,7445,42
20601,10484,36 20556,10425,39 19367,9220,43 20594,10459,42 20610,10451,41 20581,10474,41 20569,10461,35 20561,10458,40 20551,10453,36 20522,10461,38
40911,20862,35 39755,19650,64 39729,19625,37 39240,19227,40 39148,19121,37 39099,19032,36 39014,18944,44 38950,18862,34 38883,18843,37 38990,18891,40
13003,7179,34 11842,6007,36 12569,6011,75 11851,6007,36 11835,6020,59 11877,6015,39 11860,6024,36 11860,6013,41 11882,6026,34 11830,6012,35
20974,10729,35 21013,10689,36 22468,10621,38 21144,10641,33 20988,10682,65 20793,10607,38 21074,10664,71 20998,10780,37 21030,10758,37 20881,10674,35
6073,3080,38 8030,4414,35 6049,3068,36 6094,3065,37 7706,4700,36 6035,3055,37 6047,3070,36 6074,3087,37 6832,3832,36 7352,4367,66
12091,6129,64 13509,7585,37 11457,6130,41 12088,6141,36 12117,6138,36 12190,6153,65 12045,6105,36 12099,6167,34 13015,7127,36 12970,6195,35
4119,1603,35 3147,1590,38 3415,1848,35 4492,2940,67 3159,1600,39 4049,2489,36 3159,1592,34 3166,1607,65 3173,1602,37 3736,1608,36
6585,3198,73 6498,3374,37 6311,3198,40 6387,3249,36 6397,3299,37 7383,4252,39 6302,3177,38 7106,3999,35 6344,3237,35 7554,4438,70
5052,2950,37 5491,3006,37 4977,2667,37 3139,1580,69 3923,1586,64 3154,1590,36 4496,1582,42 4474,2914,46 4360,2808,36 3524,1962,35
6271,3196,65 6308,3200,52 4914,3213,36 4839,1715,42 3607,1699,34 3541,1825,67 3994,2269,35 6409,3236,66 4401,1722,74 4202,1710,46
4491,1595,38 5256,2952,65 3148,1583,37 3663,1596,41 4503,2953,65 4106,1599,34 3173,1606,36 5342,2889,39 5178,2978,37 5149,3129,37
4830,3125,36 6302,3181,66 5926,2872,56 5542,3137,66 5838,2820,36 6185,3097,34 5720,3319,65 5760,3251,36 6061,3080,36 5819,3274,36
2018/09/17 21:31:01.775610239
