commit 38789928242c9840aa38e918d549952c93c4503c
2018/10/02 12:39:05.649665207
protocol 1
76,44,0,15,40 75,42,0,13,37 74,41,0,13,36 74,41,0,13,36 73,41,0,13,41 74,41,0,13,37 72,41,0,13,40 73,41,0,13,36 74,41,0,13,37 73,41,0,13,34 73,41,0,13,35 74,42,0,13,35 75,41,0,13,37 74,41,0,13,38 73,41,0,13,36 73,41,0,13,35 73,41,0,13,36 74,41,0,13,37 73,41,0,13,36 73,41,0,13,35
148,85,0,26,37 148,85,0,26,45 155,91,0,31,36 149,84,0,26,37 147,85,0,26,37 147,85,0,26,38 146,84,0,26,37 147,86,0,27,36 148,85,0,26,36 147,84,0,26,37 146,86,0,26,38 147,85,0,26,40 147,85,0,26,37 146,86,0,27,36 146,85,0,26,36 149,86,0,27,43 146,87,0,27,37 148,86,0,27,37 148,85,0,26,40 149,85,0,26,38
79,41,23,13,36 78,40,23,12,38 77,40,23,12,34 78,40,23,12,35 77,40,23,12,35 77,40,23,12,36 77,40,23,12,35 77,40,23,12,35 77,40,23,12,34 78,40,23,12,34 77,40,23,12,35 78,40,23,12,37 78,40,23,12,35 79,40,23,12,34 77,40,23,12,35 79,40,23,12,36 77,40,23,12,35 78,40,23,12,34 78,40,23,12,36 78,40,23,12,37
158,85,48,24,36 158,85,48,24,52 157,85,48,24,35 158,86,48,24,36 158,86,48,25,35 157,85,48,24,35 157,85,48,24,46 158,86,48,25,36 158,85,48,24,37 157,85,48,24,36 158,85,48,24,37 157,85,48,24,34 158,85,48,24,36 157,85,48,24,41 158,85,48,24,38 157,85,48,24,37 156,85,48,24,35 158,85,48,24,36 157,85,48,24,36 157,85,48,24,36
118,60,34,19,37 117,59,34,19,35 117,58,34,18,34 117,60,34,19,36 117,59,34,18,35 118,59,34,19,34 117,59,34,18,34 117,60,34,19,36 117,59,34,19,35 117,59,34,19,35 117,59,34,18,38 117,60,34,19,37 117,59,34,19,36 117,60,34,19,34 117,58,34,18,35 118,59,34,19,34 117,59,34,18,36 117,59,34,19,37 117,59,34,19,34 117,59,34,19,36
243,125,76,33,37 244,125,76,33,35 242,125,76,33,37 243,125,76,33,33 242,125,76,33,34 243,125,76,33,36 242,125,76,33,37 243,125,76,33,36 242,125,76,33,36 243,125,76,33,37 242,125,76,33,32 242,125,76,33,35 242,125,76,33,35 242,125,76,33,34 242,125,76,33,41 243,125,76,33,35 242,125,76,33,36 243,125,76,33,46 242,125,76,33,35 243,125,76,33,36
227,115,76,27,37 227,115,76,27,34 227,114,76,26,37 227,114,76,26,35 227,115,76,26,34 227,115,76,26,35 227,114,76,26,34 227,114,76,26,35 227,114,76,26,38 227,114,76,26,35 226,114,76,26,36 228,114,76,26,35 227,114,76,26,36 228,115,76,26,35 227,114,76,26,36 227,114,76,26,35 227,114,76,26,35 227,114,76,26,36 226,114,76,26,35 227,115,76,26,34
409,207,128,57,35 410,207,128,58,39 409,206,128,57,35 410,207,128,58,36 410,206,128,57,37 409,206,128,57,37 409,206,128,57,38 409,206,128,57,37 409,206,128,57,36 409,206,128,57,36 409,207,128,58,34 409,206,128,57,39 409,207,128,57,34 409,206,128,57,35 409,206,128,57,36 410,206,128,57,36 408,206,128,57,35 409,207,128,58,37 409,206,128,57,35 409,206,128,57,37
413,207,136,51,38 412,206,136,50,37 412,206,136,50,36 411,206,136,50,37 411,206,136,50,36 412,206,136,49,36 413,206,136,50,34 412,205,136,49,35 412,206,136,50,37 412,206,136,50,36 413,207,136,50,35 412,206,136,50,35 412,206,136,50,34 411,206,136,50,36 411,206,136,50,37 412,206,136,50,37 412,206,136,50,38 411,205,136,49,37 412,207,136,50,36 412,206,136,50,37
889,448,304,96,37 890,449,304,97,37 891,450,304,98,38 890,450,304,98,36 891,450,304,98,37 890,449,304,97,37 891,450,304,98,36 891,449,304,97,37 891,449,304,97,37 890,449,304,97,37 889,449,304,97,37 892,450,304,98,38 890,449,304,97,36 891,449,304,97,35 890,450,304,98,35 891,450,304,98,43 892,450,304,98,37 891,450,304,98,38 891,449,304,97,36 890,449,304,97,41
858,431,301,96,37 858,430,302,96,36 857,430,301,96,35 857,430,301,96,36 857,430,300,96,36 857,431,301,96,37 857,431,305,96,38 858,431,303,96,36 858,431,303,96,36 857,431,301,96,36 857,430,302,96,36 858,431,303,96,37 857,431,302,96,37 858,431,303,96,37 858,431,302,96,36 858,431,303,96,36 857,430,301,96,34 857,431,300,96,35 857,431,301,96,38 857,430,301,96,36
1774,894,647,182,42 1776,894,644,183,35 1775,894,645,183,36 1878,894,644,183,37 1774,894,641,183,36 1774,893,648,182,38 1774,893,647,182,38 1774,893,647,182,37 1773,893,644,182,36 1775,894,646,182,39 1775,894,647,182,37 1776,895,647,183,36 1775,895,646,183,38 1775,894,645,183,38 1774,894,645,183,35 1775,895,647,183,37 1777,896,647,183,36 1773,893,645,182,38 1775,895,647,183,36 1774,894,643,183,40
298,169,82,53,40 298,169,82,53,43 302,169,82,53,37 302,170,82,53,38 303,168,82,53,37 298,170,82,53,40 300,169,82,53,36 293,170,82,53,39 300,169,82,53,36 301,170,82,53,36 302,169,82,54,37 305,168,82,53,37 299,169,82,53,35 302,168,82,53,37 301,169,82,53,36 298,169,82,53,36 301,169,82,53,38 299,170,82,53,36 300,169,82,53,34 299,169,82,53,37
596,336,164,102,37 593,336,164,102,37 595,336,164,102,36 591,336,164,102,43 591,336,164,102,37 597,336,164,102,41 587,336,164,102,36 589,336,164,102,36 588,336,164,102,37 594,337,164,103,38 590,337,164,103,37 593,337,164,103,38 589,337,164,103,41 587,336,164,102,36 597,336,164,102,37 587,336,164,102,38 588,336,164,102,38 591,336,164,102,37 594,336,164,102,40 596,337,164,103,37
309,165,92,51,38 309,164,92,50,36 312,164,92,50,38 306,163,92,49,37 308,164,92,50,37 306,164,92,50,38 306,164,92,50,37 308,164,92,50,37 308,164,92,50,37 306,164,92,49,39 308,164,92,50,35 309,164,92,50,39 307,164,92,50,36 309,166,93,50,37 307,164,92,50,37 307,164,92,50,39 308,164,92,50,35 306,164,92,50,39 311,164,92,50,39 307,164,92,50,38
625,337,192,95,37 624,337,192,96,37 623,337,192,96,39 622,337,192,96,37 624,337,192,96,36 627,336,192,96,42 625,337,192,96,37 624,337,192,96,52 630,337,192,96,37 624,337,192,96,37 627,338,192,96,37 627,337,192,96,37 622,338,192,96,37 624,337,192,96,37 622,336,192,95,38 620,336,192,95,38 624,336,192,95,37 625,338,192,96,38 628,336,192,96,36 627,337,192,96,36
456,233,136,75,37 455,232,136,74,36 452,231,136,73,37 454,231,136,73,37 452,232,136,74,36 453,232,136,74,38 453,232,136,74,36 451,232,136,73,38 453,230,136,72,37 453,232,136,74,39 450,232,136,73,36 452,231,136,73,38 453,231,136,73,36 456,231,136,73,36 452,230,136,72,38 453,231,136,73,38 451,232,136,73,37 451,232,136,73,37 452,232,136,74,36 452,232,136,74,37
933,484,304,127,33 931,485,304,128,37 934,484,304,127,41 933,484,304,127,36 933,484,304,127,42 933,485,304,128,37 937,485,304,128,40 932,486,304,128,37 936,485,304,128,38 932,485,304,128,35 933,485,304,128,36 930,483,304,126,36 932,485,304,128,41 935,485,304,128,34 931,485,304,128,38 932,485,304,128,38 931,484,304,127,37 931,484,304,127,36 931,485,304,128,37 934,484,304,127,36
891,453,304,101,36 888,453,304,101,37 890,453,304,101,37 891,453,304,101,38 889,454,304,101,42 893,455,304,102,36 892,453,304,101,37 889,453,304,101,37 889,453,304,101,39 893,456,307,101,35 889,453,304,101,37 895,452,304,100,37 890,453,304,101,37 888,452,304,100,38 892,453,304,101,36 891,454,304,101,37 889,453,304,101,37 891,453,304,101,37 891,453,304,101,37 891,454,304,101,36
1592,809,512,213,37 1592,810,512,214,36 1591,809,512,213,37 1590,809,512,213,37 1590,809,512,213,42 1589,809,512,213,36 1588,807,512,212,38 1590,809,513,213,38 1589,809,512,213,38 1592,809,512,213,36 1593,809,512,213,37 1591,810,512,214,37 1596,813,517,213,37 1592,809,512,213,37 1592,810,512,214,40 1592,810,512,214,38 1593,809,512,213,38 1599,818,521,213,37 1589,808,512,213,37 1599,817,521,212,35
1652,831,578,182,38 1654,831,579,182,37 1668,845,591,183,36 1669,845,594,181,36 1655,834,582,181,37 1650,829,578,181,37 1653,831,579,182,36 1653,830,579,181,36 1652,830,578,181,36 1664,830,579,182,39 1654,829,578,181,38 1655,831,579,182,37 1649,829,578,181,37 1649,828,578,181,36 1653,830,579,181,38 1655,834,584,181,37 1653,830,578,182,39 1653,830,578,182,36 1654,831,578,183,41 1653,830,578,182,36
3563,1797,1293,341,36 3603,1838,1333,343,38 3800,1816,1315,341,37 3941,1866,1362,341,38 3689,1822,1318,341,43 3608,1829,1328,341,37 3573,1801,1301,341,41 3560,1794,1293,341,42 3718,1949,1443,342,38 3564,1792,1293,341,35 3565,1798,1295,342,36 3738,1825,1323,342,38 3723,1887,1384,342,36 3579,1793,1292,342,39 3597,1826,1322,343,38 3577,1809,1305,342,37 3614,1800,1298,342,37 3735,1801,1295,342,36 3824,1794,1292,342,37 3820,1928,1425,342,38
3368,1686,1205,359,38 3380,1692,1209,359,38 3375,1690,1207,361,39 3373,1691,1210,360,39 3384,1694,1208,364,37 3386,1696,1207,366,42 3385,1693,1209,362,37 3384,1693,1208,363,38 3375,1687,1208,360,39 3379,1693,1210,361,38 3369,1686,1206,359,45 3369,1688,1205,359,38 3389,1696,1211,362,36 3388,1694,1208,362,37 3381,1694,1208,364,37 3382,1693,1209,362,37 3379,1689,1204,363,38 3384,1694,1208,364,38 3389,1695,1208,364,39 3384,1695,1208,364,38
7331,3665,2718,681,41 7803,3744,2790,684,36 7373,3765,2820,680,39 7455,3689,2752,679,36 7237,3673,2720,685,38 7078,3582,2632,685,38 7399,3571,2617,686,38 7089,3525,2573,685,39 7212,3496,2556,681,37 6993,3497,2561,678,37 7233,3507,2566,682,40 7089,3547,2607,681,39 7267,3594,2644,686,42 7069,3541,2594,685,38 7191,3539,2592,684,39 7120,3546,2598,685,37 7275,3527,2576,689,37 7045,3534,2583,687,38 7156,3510,2560,686,43 7035,3511,2562,686,39
256,144,82,32,40 253,142,82,31,36 254,142,82,31,37 256,141,82,31,35 255,142,82,31,36 253,142,82,31,38 256,142,82,31,38 254,142,82,31,36 254,142,82,31,37 254,141,82,31,37 252,142,82,31,38 253,142,82,31,37 255,142,82,31,35 254,142,82,31,37 255,142,82,31,37 255,142,82,31,37 254,142,82,31,37 253,143,82,31,35 253,142,82,31,36 259,141,82,31,36
505,285,164,60,38 508,285,164,61,37 505,285,164,61,37 508,285,164,61,35 507,286,164,62,37 507,286,164,62,34 509,287,164,62,36 508,287,164,62,37 505,286,164,61,36 507,286,164,61,39 503,285,164,61,38 513,285,164,61,38 506,286,164,62,37 506,286,164,62,34 508,287,164,62,38 507,287,164,62,35 506,286,164,61,38 507,286,164,61,36 507,287,164,62,37 506,286,164,61,37
299,148,92,32,38 294,146,92,31,36 294,146,92,31,39 295,146,92,31,38 294,146,92,31,37 295,146,92,31,47 293,146,92,31,36 294,146,92,31,37 294,146,92,31,38 294,146,92,31,37 295,146,92,31,36 294,146,92,31,36 295,146,92,31,36 293,146,92,31,34 294,146,92,31,35 294,146,92,31,37 294,146,92,31,36 295,146,92,31,36 294,146,92,31,36 294,146,92,31,36
604,303,192,60,36 603,304,192,61,38 608,304,192,61,36 603,304,192,61,38 605,304,192,61,38 605,304,192,61,38 606,304,192,61,41 604,304,192,61,38 603,304,192,61,36 605,305,192,61,38 607,304,192,61,37 604,304,192,61,37 604,304,192,61,35 604,304,192,61,37 603,304,192,61,36 604,304,192,61,37 606,304,192,61,37 606,304,192,61,38 604,304,192,61,35 607,304,192,61,37
466,219,153,52,36 464,219,153,52,35 464,218,153,51,36 464,218,153,51,35 464,218,153,51,36 465,218,153,51,37 465,218,153,51,37 464,218,153,51,36 464,219,153,52,39 466,219,153,52,37 465,218,153,51,36 464,218,153,51,37 463,218,153,51,36 464,218,153,51,38 464,218,153,51,37 465,219,153,51,37 465,218,153,51,37 464,219,153,52,36 465,218,153,51,36 465,218,153,51,38
983,466,342,89,37 984,467,342,90,37 990,473,342,90,37 985,468,342,90,37 987,467,342,90,43 986,467,342,90,36 985,467,342,90,36 988,471,342,94,36 985,467,342,90,35 986,468,342,90,38 986,468,342,90,36 985,467,342,90,41 986,470,342,93,39 983,467,342,90,44 986,467,342,90,35 985,467,342,90,37 984,468,342,90,36 986,468,342,91,38 985,467,342,90,37 987,467,342,90,35
997,460,342,77,38 998,460,342,77,37 996,460,342,77,36 998,461,342,77,38 996,461,342,77,38 997,461,342,77,39 997,460,342,77,36 998,461,342,77,38 997,461,342,77,37 998,461,342,77,37 997,461,342,77,37 996,459,342,76,38 996,460,342,77,37 996,461,342,77,38 997,459,342,77,36 998,461,342,77,37 997,461,342,77,35 998,461,342,77,37 999,460,342,77,37 998,461,342,77,37
1751,812,577,163,36 1752,812,577,163,38 1860,920,577,255,38 1751,813,577,164,38 1750,813,577,164,39 1751,812,577,163,39 1750,812,577,164,38 1752,813,577,164,36 1752,813,577,164,38 1752,812,577,163,38 1752,812,577,163,38 1750,811,577,163,37 1751,812,577,163,37 1752,813,577,164,39 1752,812,577,163,38 1752,813,577,164,36 1753,813,577,164,37 1753,812,578,163,38 1751,812,577,163,37 1754,812,577,164,37
1855,845,647,143,37 1856,845,646,143,37 1855,845,646,143,36 1857,845,646,143,38 1858,846,646,144,38 1859,845,646,143,38 1859,846,647,143,37 1858,846,647,143,39 1855,846,647,143,39 1855,846,647,143,36 1855,846,647,143,34 1854,845,647,143,37 1854,844,646,143,37 1855,845,647,143,37 1855,844,646,143,37 1857,846,647,143,37 1858,846,647,143,37 1857,845,646,143,39 1856,845,647,143,36 1853,845,646,143,35
4045,1845,1445,270,37 4046,1846,1447,270,38 4048,1845,1445,270,36 4055,1847,1446,270,37 4050,1848,1446,270,38 4048,1844,1445,270,38 4058,1848,1446,272,37 4049,1844,1445,270,39 4048,1844,1445,270,37 4047,1844,1445,270,37 4050,1844,1445,270,37 4050,1846,1446,270,36 4054,1847,1447,270,38 4051,1846,1446,270,36 4048,1845,1445,270,37 4046,1845,1445,270,39 4045,1844,1446,270,37 4047,1845,1446,270,38 4047,1847,1446,270,36 4052,1844,1445,270,37
3808,1723,1349,274,37 3812,1725,1361,274,37 3808,1724,1349,274,36 3809,1727,1361,275,37 3810,1726,1361,274,37 3810,1726,1361,274,38 3809,1726,1361,274,36 3805,1723,1350,274,36 3803,1723,1352,274,37 3808,1726,1361,274,37 3807,1723,1350,274,38 3810,1725,1360,274,38 3807,1725,1352,275,36 3809,1727,1361,274,38 3811,1728,1361,275,37 3810,1726,1361,274,39 3804,1724,1354,274,36 3802,1723,1348,274,38 3805,1725,1360,274,37 3808,1725,1361,274,37
7941,3591,2880,518,35 7942,3597,2881,521,38 7939,3593,2881,519,37 7940,3594,2881,519,38 7930,3590,2880,517,37 7934,3592,2881,516,38 7934,3594,2881,521,37 7944,3598,2881,520,38 7943,3595,2881,518,37 7938,3593,2881,518,38 7941,3593,2881,517,39 7936,3589,2877,518,37 7929,3588,2879,518,38 7929,3588,2877,518,36 7928,3589,2877,518,37 7935,3587,2877,517,37 7935,3600,2879,526,36 7930,3590,2879,517,37 7938,3596,2881,519,37 7939,3596,2881,517,34
1000,634,494,67,37 1002,633,494,67,36 997,633,496,66,38 1015,647,528,67,39 1009,646,529,66,37 1009,645,526,66,38 1021,647,527,67,37 1012,648,530,67,36 1020,647,530,67,38 1015,650,532,67,44 1011,648,531,67,38 1008,646,529,66,37 1010,648,529,67,38 990,633,494,66,37 1000,636,498,67,40 1008,648,528,67,38 1010,648,531,67,35 1019,650,530,67,37 1019,648,531,66,35 1009,647,528,66,36
2018,1291,1063,129,39 2016,1287,1041,129,38 2010,1293,1056,129,38 1980,1267,988,129,37 1988,1283,1027,129,45 2005,1282,1027,129,36 2007,1293,1062,129,37 2019,1288,1051,129,36 2016,1287,1050,129,38 2002,1287,1051,129,37 1996,1283,1036,128,38 2003,1285,1034,129,37 2015,1289,1051,129,38 2001,1282,1020,129,37 2011,1284,1032,129,36 2005,1282,1031,129,36 2016,1285,1033,129,37 2005,1287,1023,129,45 2008,1287,1034,129,38 2012,1281,1027,129,37
1249,705,598,64,37 1248,704,598,64,35 1246,705,598,64,37 1247,707,598,64,38 1241,696,587,64,37 1240,698,591,64,38 1240,693,584,64,38 1237,694,583,64,36 1247,706,601,64,41 1242,701,597,64,36 1238,693,585,64,36 1250,708,599,64,43 1252,706,599,64,36 1239,696,589,64,38 1248,704,599,64,36 1246,701,599,64,37 1241,693,582,64,38 1248,705,599,64,37 1244,707,600,64,38 1244,697,591,65,36
2533,1431,1210,122,37 2549,1433,1210,122,38 2542,1431,1207,122,37 2546,1441,1226,122,36 2548,1430,1208,122,38 2540,1431,1212,122,37 2546,1431,1210,122,40 2540,1433,1214,122,36 2544,1433,1214,122,38 2539,1434,1212,122,37 2545,1435,1213,122,38 2554,1440,1221,122,37 2551,1435,1211,122,37 2548,1437,1222,122,37 2539,1433,1209,122,36 2544,1435,1214,122,37 2551,1433,1212,122,38 2550,1438,1220,122,38 2537,1434,1212,122,37 2545,1436,1216,122,36
1964,1034,892,97,37 1959,1035,894,96,36 1959,1032,889,97,37 1962,1034,892,97,44 1955,1032,889,97,38 1955,1030,890,96,35 1959,1030,887,97,36 1973,1046,904,96,36 1973,1048,908,96,37 1975,1048,908,97,35 1975,1047,907,97,43 1985,1046,906,96,38 1959,1033,891,97,38 1964,1037,895,97,37 1972,1047,906,97,38 1975,1050,908,96,37 1950,1031,887,97,38 2018,1094,891,151,36 1975,1053,913,97,44 1983,1057,917,97,37
4312,2279,2013,167,37 4296,2285,2020,167,39 4266,2275,2006,166,37 4279,2270,2005,167,39 4302,2270,2005,166,37 4295,2276,2008,167,36 4282,2279,2008,168,37 4314,2284,2018,168,37 4313,2286,2010,171,38 4273,2272,2005,167,42 4265,2261,1994,165,51 4283,2259,1990,167,37 4274,2275,2007,167,44 4281,2281,2011,167,40 4278,2278,2008,168,37 4266,2268,1997,168,38 4279,2274,2001,168,38 4284,2277,2009,166,38 4286,2281,2013,167,38 4279,2271,2006,167,38
4430,2286,2074,135,36 4408,2267,2055,135,37 4406,2263,2051,135,43 4427,2284,2070,135,39 4433,2291,2077,135,38 4421,2281,2069,135,38 4441,2287,2071,136,39 4425,2265,2053,136,37 4415,2269,2056,136,42 4416,2268,2057,136,37 4412,2271,2058,135,40 4399,2259,2045,136,39 4411,2265,2051,136,39 4412,2260,2047,137,38 4420,2270,2057,136,44 4409,2268,2051,138,38 4417,2269,2056,137,37 4413,2265,2055,136,38 4418,2268,2056,136,38 4413,2267,2056,136,39
7543,3864,3447,287,40 7542,3859,3437,287,39 7550,3859,3439,285,48 7526,3853,3433,285,42 7513,3851,3430,285,37 7532,3855,3433,287,37 7550,3870,3453,288,44 7544,3869,3454,289,39 7529,3867,3448,289,48 7521,3848,3428,289,38 7551,3874,3460,287,41 7507,3858,3437,286,40 7522,3879,3463,285,43 7543,3858,3440,285,44 7537,3853,3432,286,38 7597,3868,3453,286,40 7523,3849,3429,285,41 7500,3856,3432,291,38 7570,3909,3488,287,42 7534,3871,3455,287,38
8406,4301,3916,262,43 8373,4252,3868,264,38 8402,4287,3905,262,37 8376,4251,3873,260,38 8418,4278,3893,264,43 8385,4275,3887,266,39 8418,4304,3915,268,44 8378,4273,3890,264,38 8389,4270,3884,264,38 8377,4247,3865,264,44 8363,4255,3874,260,44 8352,4253,3875,259,38 8350,4237,3856,261,44 8364,4247,3865,261,37 8392,4254,3870,265,40 8389,4256,3869,266,40 8376,4251,3866,264,38 8377,4248,3866,263,37 8354,4237,3861,259,39 8374,4252,3873,260,38
18482,9376,8619,492,38 18500,9396,8636,493,44 18569,9445,8669,507,41 18523,9394,8625,497,38 18512,9412,8640,496,43 18594,9494,8730,495,38 18497,9370,8601,496,41 18603,9472,8714,496,42 18513,9400,8631,500,42 18561,9463,8695,502,38 18525,9441,8678,493,47 18529,9417,8652,496,37 18491,9474,8714,491,39 18508,9419,8661,492,37 18469,9439,8676,495,38 18581,9450,8684,496,41 18504,9445,8681,496,40 18526,9414,8653,492,39 18370,9349,8589,491,39 18459,9375,8615,491,39
17353,8759,8064,475,37 17346,8718,8021,479,37 17448,8763,8066,479,37 17466,8786,8088,479,39 17555,8869,8165,486,41 17535,8854,8156,477,38 17482,8800,8105,477,39 17450,8790,8098,476,38 17473,8822,8123,481,38 17535,8855,8158,478,38 17492,8826,8126,479,38 17496,8802,8107,478,42 17511,8825,8123,483,39 17495,8824,8127,480,37 17426,8788,8095,474,37 17451,8768,8075,476,39 17423,8768,8070,478,43 17437,8806,8113,475,40 17498,8874,8181,475,40 17393,8740,8045,477,39
36749,18573,17211,900,37 36765,18632,17255,913,42 36806,18664,17292,906,38 36749,18583,17214,904,38 36860,18588,17213,907,42 36750,18594,17227,905,41 36536,18255,16895,901,38 36720,18501,17141,896,38 36622,18393,17023,906,43 36806,18532,17168,902,49 36824,18540,17171,901,38 36815,18558,17186,903,40 36803,18580,17213,903,37 36771,18506,17143,897,38 36702,18449,17090,896,42 36718,18492,17137,897,37 36703,18513,17147,907,45 36768,18538,17173,902,38 36820,18541,17178,901,38 36799,18565,17193,907,43
1210,784,656,60,44 1216,786,661,59,39 1218,775,657,59,39 1212,775,656,60,38 1203,775,656,60,38 1220,775,656,60,37 1209,773,656,60,38 1204,776,656,60,40 1222,776,656,59,37 1219,777,656,60,40 1216,777,656,60,39 1220,777,656,60,39 1215,775,656,59,36 1205,776,656,60,35 1212,775,657,59,39 1214,775,656,59,37 1209,777,656,60,37 1204,776,656,60,37 1213,778,656,60,38 1214,777,656,60,37
2409,1549,1313,115,38 2419,1549,1313,115,38 2417,1550,1313,115,37 2418,1550,1314,115,38 2421,1551,1313,115,38 2420,1552,1313,115,36 2424,1551,1314,115,36 2401,1553,1314,115,34 2418,1545,1313,115,38 2419,1545,1313,115,38 2423,1546,1314,115,37 2408,1553,1313,116,38 2403,1548,1313,115,37 2418,1550,1313,115,38 2411,1552,1313,115,38 2413,1551,1313,115,38 2398,1551,1313,115,39 2425,1552,1314,115,36 2421,1548,1312,115,39 2424,1552,1313,115,36
1521,859,758,61,38 1526,860,758,61,36 1523,858,758,61,43 1523,855,754,61,37 1526,857,758,61,38 1516,856,756,61,35 1528,865,764,61,35 1522,859,758,61,35 1511,858,757,61,38 1525,857,758,61,35 1529,861,761,61,39 1517,858,757,61,37 1528,858,758,61,36 1528,860,758,62,38 1524,854,752,61,39 1513,856,756,61,38 1514,854,752,61,37 1512,858,756,61,37 1526,858,757,61,40 1516,860,759,61,37
3163,1784,1579,117,38 3127,1785,1580,117,38 3131,1783,1580,117,39 3150,1781,1579,117,38 3126,1775,1568,117,39 3151,1781,1581,117,37 3133,1780,1579,117,39 3131,1778,1577,117,36 3143,1784,1581,117,37 3153,1783,1580,117,36 3151,1785,1582,117,36 3152,1782,1581,117,36 3140,1777,1575,117,38 3132,1776,1570,118,35 3151,1785,1580,117,38 3135,1783,1576,118,37 3153,1782,1581,117,38 3141,1774,1563,117,37 3144,1778,1576,117,37 3150,1779,1572,117,35
2412,1281,1135,100,37 2422,1286,1139,100,36 2417,1284,1141,99,36 2412,1284,1140,99,36 2415,1284,1139,99,38 2420,1285,1140,100,37 2416,1283,1139,99,37 2412,1279,1136,99,36 2423,1286,1139,100,41 2422,1283,1139,99,38 2427,1287,1141,100,37 2419,1284,1139,100,36 2412,1282,1137,100,36 2414,1283,1140,99,37 2415,1285,1139,99,38 2426,1284,1139,100,39 2412,1285,1140,100,36 2429,1287,1141,100,37 2425,1287,1141,100,42 2415,1283,1137,100,37
5283,2812,2536,172,38 5264,2818,2545,172,37 5270,2814,2540,172,37 5294,2818,2546,172,35 5274,2822,2548,172,37 5282,2819,2542,172,37 5282,2819,2544,172,38 5250,2811,2535,172,35 5270,2822,2546,172,38 5277,2816,2542,173,37 5279,2819,2544,172,37 5283,2833,2555,172,38 5279,2835,2556,172,39 5295,2834,2558,172,42 5286,2832,2554,173,37 5275,2838,2558,172,38 5297,2839,2560,172,38 5281,2839,2558,172,37 5274,2837,2559,172,38 5299,2842,2562,173,37
5461,2837,2609,145,37 5489,2844,2618,146,37 5462,2842,2616,145,36 5452,2834,2606,145,37 5480,2842,2612,146,36 5479,2845,2618,145,37 5464,2844,2615,146,39 5466,2839,2609,146,38 5491,2865,2635,145,36 5464,2848,2618,145,39 5468,2845,2617,146,40 5462,2836,2608,145,38 5477,2840,2611,146,42 5457,2835,2606,147,36 5474,2844,2616,146,37 5463,2836,2605,146,39 5461,2849,2618,146,43 5473,2847,2618,146,37 5473,2842,2617,145,43 5476,2839,2609,146,37
9313,4830,4386,305,39 9320,4844,4397,305,38 9361,4837,4394,306,44 9324,4840,4393,306,38 9351,4837,4389,308,41 9360,4850,4401,308,39 9340,4824,4377,308,44 9332,4840,4392,309,38 9347,4830,4387,307,46 9328,4825,4380,307,38 9348,4849,4398,306,38 9310,4825,4379,306,37 9351,4849,4400,306,43 9353,4856,4400,309,38 9344,4834,4387,306,42 9354,4847,4401,306,39 9355,4849,4402,307,37 9368,4857,4403,308,39 9346,4856,4404,307,38 9345,4834,4387,308,40
10229,5240,4828,282,38 10214,5233,4829,276,39 10239,5229,4824,277,37 10217,5215,4810,277,40 10242,5238,4830,279,38 10231,5234,4827,279,43 10245,5229,4821,279,37 10324,5313,4904,279,38 10245,5229,4820,278,40 10319,5320,4913,278,38 10240,5221,4814,277,39 10239,5218,4813,277,39 10214,5214,4809,275,38 10214,5209,4806,275,38 10250,5237,4833,275,40 10237,5234,4832,276,39 10256,5240,4833,279,38 10235,5219,4813,279,39 10240,5234,4827,280,38 10252,5245,4837,279,39
22667,11596,10788,523,41 22658,11584,10774,523,39 22627,11593,10773,530,42 22641,11618,10796,534,39 22656,11588,10769,530,37 22686,11596,10777,528,40 22653,11575,10758,527,46 22671,11594,10785,523,44 22652,11590,10779,522,39 22601,11543,10733,520,37 22575,11536,10724,522,42 22630,11572,10761,525,39 22657,11566,10751,525,39 22639,11527,10713,524,38 22687,11586,10775,523,45 22628,11558,10738,531,42 22576,11507,10700,519,40 22601,11513,10709,520,43 22637,11541,10733,520,39 22582,11556,10736,523,37
21119,10666,9908,521,39 21128,10665,9906,523,38 21189,10715,9955,523,42 21176,10692,9929,526,39 21177,10683,9921,526,37 21147,10667,9903,526,43 21214,10724,9962,525,43 21147,10679,9920,521,41 21154,10674,9908,524,37 21198,10727,9965,525,38 21140,10677,9921,521,39 21389,10891,10132,523,43 21156,10670,9909,524,40 21185,10721,9958,524,37 21158,10707,9944,524,38 21144,10700,9939,522,39 21128,10687,9927,524,37 21134,10678,9919,523,38 21146,10694,9935,523,38 21152,10686,9920,526,38
44547,22486,20985,997,39 44596,22537,21045,990,38 44363,22293,20740,1028,42 44657,22602,21099,999,44 44546,22505,21015,986,40 44509,22462,20977,984,55 44561,22527,21044,983,43 44582,22535,21042,989,39 44613,22469,20977,990,38 44527,22533,21035,993,38 44624,22578,21088,989,41 44150,22113,20619,992,38 44684,22566,21049,1014,40 44680,22582,21024,1040,37 44412,22369,20870,995,38 44613,22561,21070,987,43 44637,22593,21101,989,37 44539,22530,21038,987,43 44536,22595,21109,983,38 44645,22589,21093,988,41
664,422,657,39,42 685,426,656,37,38 772,484,656,36,36 707,447,657,38,38 776,478,656,37,37 793,446,668,43,40 688,421,656,40,37 684,434,656,38,36 932,649,1009,37,35 684,427,665,38,37 739,416,656,39,34 740,462,656,36,37 667,418,656,44,36 810,451,656,38,43 685,426,656,37,36 767,487,659,57,39 844,482,656,38,35 662,421,656,39,37 801,450,656,40,37 665,417,656,37,36
1463,929,1312,70,38 1376,870,1314,71,36 1400,899,1312,86,38 1331,834,1312,72,38 1379,866,1312,71,38 1285,800,1312,72,36 1342,863,1313,105,37 1416,887,1312,72,37 1512,840,1312,72,39 1289,808,1312,72,44 1478,823,1312,71,36 1853,1192,2097,70,38 1367,857,1312,74,39 1497,834,1312,71,37 1349,856,1312,83,38 1413,851,1314,100,39 1295,806,1312,73,36 1339,849,1313,99,38 1348,859,1313,103,44 1387,864,1312,100,39
418,255,654,32,38 418,258,658,32,37 421,258,656,31,36 484,315,821,38,39 505,344,1025,39,36 417,257,658,35,37 486,307,688,33,36 407,247,660,32,37 559,375,822,38,37 458,272,654,37,37 436,269,678,33,35 446,274,660,32,38 491,338,848,34,36 458,280,656,39,35 474,295,766,33,38 466,286,659,32,36 456,280,776,42,37 509,318,673,36,36 477,308,752,40,38 501,275,651,38,39
848,517,1312,61,38 811,497,1310,69,37 985,676,1709,79,37 913,594,1640,65,36 850,517,1313,61,35 853,519,1310,62,36 847,522,1313,62,37 981,679,1706,74,36 958,592,1314,61,39 932,577,1308,71,38 832,509,1313,66,36 802,493,1310,70,37 1092,758,1975,82,36 847,463,1313,57,37 863,527,1324,59,36 795,485,1312,71,39 834,500,1323,76,42 770,476,1308,69,39 810,490,1313,63,37 861,525,1323,75,38
302,166,659,29,37 260,150,648,31,37 316,184,659,32,37 283,166,649,30,36 286,152,659,29,36 267,152,661,30,47 284,164,644,31,37 344,213,823,29,40 302,173,660,31,36 285,167,658,31,38 351,219,767,32,37 296,166,708,30,36 334,200,659,32,35 322,201,758,30,37 292,165,656,28,38 361,203,732,30,37 308,163,650,28,36 282,162,661,28,37 331,202,737,30,37 305,180,651,30,37
621,384,1505,60,36 598,338,1486,55,41 519,285,1304,51,38 558,327,1312,57,37 540,311,1313,55,38 645,395,1486,57,37 521,292,1314,54,36 551,297,1338,53,37 601,351,1314,60,39 547,318,1315,58,38 559,326,1303,54,35 516,301,1322,55,38 509,290,1312,55,38 541,292,1308,53,36 573,311,1315,56,38 515,296,1325,53,38 671,413,1575,57,38 555,332,1319,55,39 543,301,1310,54,39 513,290,1314,52,38
237,129,669,33,37 227,126,686,32,36 252,144,816,31,36 262,159,869,32,41 225,122,668,33,36 248,130,717,32,37 257,149,785,33,38 253,140,725,32,38 233,125,679,32,40 255,142,706,32,38 257,138,682,33,37 272,162,804,32,39 256,154,879,30,38 229,126,725,32,36 292,169,737,32,37 231,121,663,30,37 252,148,845,32,36 261,151,797,33,44 249,139,785,31,36 230,125,828,32,37
399,223,1319,64,38 463,281,1514,63,38 471,265,1545,63,37 428,237,1319,63,41 422,234,1319,60,38 502,311,1873,62,36 459,257,1559,57,38 407,226,1317,62,42 447,259,1459,60,37 434,242,1339,63,37 472,285,1455,55,37 440,251,1434,63,38 470,272,1517,63,39 450,260,1767,63,38 456,247,1390,62,38 431,253,1390,59,38 421,224,1338,63,36 443,256,1415,59,39 422,224,1290,63,36 421,237,1397,61,38
245,128,1070,40,38 247,132,882,38,37 235,126,876,41,38 234,125,907,43,40 256,142,918,39,36 241,134,876,41,38 236,123,915,41,37 232,128,850,41,38 233,129,721,42,38 243,132,882,43,37 232,125,775,40,38 248,135,873,41,37 246,135,848,40,36 240,136,801,39,37 241,131,1033,40,38 243,135,924,40,39 248,140,1161,40,34 245,132,1071,42,39 244,130,828,39,36 247,143,984,41,36
443,247,1916,82,38 420,228,2067,65,37 442,236,1961,76,36 460,261,2339,70,38 425,239,1929,80,36 460,255,2197,76,39 453,256,2264,78,40 429,236,2047,76,36 417,223,2001,74,35 417,219,1946,65,38 443,242,2422,73,40 450,254,2236,80,37 417,231,2153,71,38 450,249,2568,80,37 441,239,2170,67,38 458,264,2210,78,36 433,235,1925,73,37 432,237,1903,79,39 457,262,2067,73,37 458,257,1929,77,39
protocol 2
74,43,0,37 68,38,0,40 66,38,0,36 67,38,0,35 66,38,0,37 66,38,0,36 67,38,0,35 66,38,0,34 67,37,0,35 67,38,0,42 66,37,0,36 67,38,0,35 67,38,0,35 67,38,0,35 66,38,0,36 67,38,0,35 66,37,0,37 67,38,0,35 67,38,0,35 66,38,0,36
135,78,0,38 137,78,0,36 134,78,0,36 135,78,0,43 136,78,0,37 136,78,0,36 135,78,0,37 137,77,0,37 137,77,0,36 135,78,0,35 135,78,0,36 137,77,0,37 135,78,0,34 136,78,0,36 137,78,0,37 136,78,0,37 135,78,0,36 135,78,0,36 137,77,0,39 137,77,0,36
59,32,0,38 58,31,0,35 58,31,0,34 58,31,0,36 58,31,0,35 58,31,0,34 58,31,0,36 58,31,0,35 58,31,0,35 58,31,0,36 58,31,0,35 58,31,0,36 58,31,0,34 59,31,0,36 59,31,0,35 57,31,0,38 57,31,0,36 58,31,0,49 58,31,0,35 58,31,0,35
118,65,0,33 116,63,0,35 116,63,0,35 116,63,0,33 115,63,0,35 116,63,0,37 115,63,0,34 115,63,0,35 116,63,0,35 116,63,0,37 116,63,0,35 115,63,0,35 116,63,0,34 116,63,0,35 115,63,0,36 116,63,0,37 115,63,0,35 115,63,0,34 116,63,0,33 116,63,0,35
77,40,14,34 77,40,14,34 77,40,14,34 77,40,14,34 77,40,14,37 77,40,14,43 78,41,14,35 77,40,14,34 77,40,14,35 77,40,14,36 77,40,14,35 77,40,14,36 77,40,14,34 77,40,14,34 77,40,14,35 77,40,14,35 77,40,14,35 77,40,14,35 77,40,14,35 77,40,14,36
149,77,27,37 148,77,27,34 148,77,27,33 148,77,27,37 147,77,27,35 148,77,27,35 147,77,27,34 148,77,27,36 147,77,27,38 148,77,27,37 148,77,27,34 148,77,27,34 148,77,27,34 147,77,27,36 148,77,27,34 148,77,27,35 148,77,27,35 148,77,27,36 148,77,27,34 148,77,27,36
110,56,35,35 110,56,30,35 110,56,31,33 110,56,30,34 110,56,31,36 110,56,32,35 110,56,30,36 110,56,32,35 110,56,32,36 110,56,31,34 110,56,33,34 110,56,33,34 110,56,31,35 110,56,31,34 110,56,33,35 110,56,32,34 110,56,31,35 110,56,32,36 110,56,31,33 110,56,32,35
221,113,64,34 219,112,62,37 220,112,62,34 220,112,63,36 219,112,63,34 219,112,63,36 219,112,65,35 219,112,69,35 219,112,66,38 220,112,62,36 220,112,70,34 220,112,63,36 220,112,61,34 220,113,62,34 220,112,64,36 220,112,63,35 220,112,65,38 219,112,63,35 220,112,64,37 220,112,63,37
180,91,64,37 180,91,64,37 180,91,64,35 180,91,64,35 180,91,64,35 180,91,64,35 180,91,64,34 180,91,64,35 181,91,64,35 180,91,64,35 180,91,64,34 180,91,64,35 181,91,64,35 181,91,64,34 180,91,64,35 181,91,64,36 180,91,64,34 180,91,64,35 180,91,64,36 180,91,64,35
361,182,128,35 360,182,128,36 360,182,128,35 360,182,128,36 360,182,128,36 360,182,128,36 359,182,128,37 360,182,128,38 359,182,128,35 360,182,128,34 361,182,128,35 360,182,128,35 360,182,128,34 360,182,128,37 360,182,128,36 360,182,128,33 360,182,128,37 361,183,128,37 360,182,128,32 360,182,128,36
328,164,119,34 329,165,119,35 329,164,119,34 329,165,119,35 329,164,119,33 329,164,119,36 329,164,119,35 329,165,119,35 329,164,119,35 329,165,119,35 330,165,119,34 329,164,119,37 329,164,119,38 330,165,119,38 329,166,119,35 329,165,119,36 330,164,119,35 329,164,119,34 329,165,119,36 329,166,119,37
659,332,238,36 658,331,238,38 658,331,238,37 659,331,238,36 658,332,238,36 658,330,238,35 657,330,238,34 658,330,238,35 657,331,238,37 657,330,238,35 660,330,238,34 657,330,238,36 657,331,238,37 659,331,238,34 658,332,238,36 658,331,238,34 657,331,238,35 657,330,238,37 657,330,238,35 659,331,238,36
291,167,79,36 289,170,79,37 288,168,73,36 282,166,72,37 283,169,77,36 285,169,78,38 289,171,77,39 285,167,75,37 283,167,78,37 287,167,73,36 284,167,77,37 291,173,76,41 287,170,75,37 288,169,80,37 283,167,73,37 285,168,72,38 289,166,74,36 288,167,76,38 280,165,71,34 284,169,72,41
574,334,143,37 563,335,147,37 566,334,147,35 566,337,148,36 570,336,146,35 571,337,154,36 563,333,147,36 562,335,144,37 575,337,151,38 565,340,150,39 571,334,139,36 567,335,144,36 569,334,145,36 572,339,148,38 567,336,149,40 569,338,148,38 572,337,149,38 578,335,147,44 569,333,147,36 569,339,154,38
249,140,83,37 250,137,79,39 246,138,76,37 248,140,81,35 245,136,74,37 246,137,76,38 249,138,81,35 249,138,76,38 248,138,79,35 250,138,82,36 248,135,72,36 250,140,79,34 245,136,73,43 253,139,79,38 247,135,73,36 248,137,75,38 247,137,79,37 248,136,78,38 244,136,80,36 245,136,79,37
495,277,159,36 497,275,153,42 494,274,144,36 500,280,156,41 499,278,153,38 499,274,150,37 497,278,146,38 497,274,143,35 487,272,141,35 493,268,136,35 494,276,145,37 493,275,150,37 492,273,146,37 500,276,144,38 495,276,141,38 493,275,144,37 500,277,145,38 494,279,151,33 494,279,150,37 497,280,156,36
317,168,108,39 323,171,116,35 319,169,109,37 320,170,116,36 324,172,111,37 324,172,116,36 328,177,120,36 328,179,122,35 326,174,116,36 327,174,117,35 335,179,120,36 326,174,114,35 327,175,116,37 331,176,118,35 332,180,122,36 330,173,117,36 324,170,113,36 323,172,114,37 326,175,116,38 326,172,115,36
625,335,222,38 634,342,226,37 637,342,225,38 641,345,229,36 623,335,216,37 636,338,225,37 635,336,219,37 629,336,220,36 627,330,218,36 629,332,216,41 643,344,229,37 642,346,232,36 645,350,235,37 626,337,221,35 622,331,218,39 625,332,218,37 625,333,219,39 628,337,218,36 629,337,220,37 631,339,218,36
446,228,160,39 443,228,160,35 442,227,160,34 442,227,160,40 443,228,160,36 443,228,160,36 442,228,160,39 444,228,161,41 444,229,162,37 441,227,160,36 448,227,160,36 442,227,160,36 443,229,160,37 444,229,162,35 446,228,160,34 445,230,162,36 443,228,160,36 441,227,160,37 442,227,160,37 445,227,160,36
889,459,320,37 897,462,323,34 892,462,320,36 892,461,320,37 893,461,320,37 890,458,320,38 890,459,320,37 892,459,320,39 893,459,320,38 892,460,320,34 890,461,320,38 891,460,320,40 889,458,320,37 889,459,320,37 900,467,326,36 890,459,320,36 893,460,320,37 889,459,320,37 891,459,320,36 900,466,325,37
721,366,256,38 717,365,256,36 717,364,257,35 718,363,256,36 720,366,257,38 720,365,256,37 717,364,256,36 719,365,256,34 727,373,266,35 718,365,256,36 717,363,256,35 718,364,256,36 715,363,256,36 715,364,256,36 721,366,256,38 724,365,256,36 719,364,256,38 716,363,256,37 715,364,256,36 718,363,256,36
1443,736,512,39 1451,742,517,36 1445,734,512,37 1447,736,512,35 1439,732,512,36 1448,736,513,37 1439,731,512,39 1444,731,512,37 1440,730,512,38 1441,734,512,35 1447,737,512,42 1445,732,512,38 1440,734,513,36 1445,731,512,38 1446,733,512,37 1444,733,512,37 1446,735,512,39 1452,739,513,37 1440,732,512,37 1440,731,512,37
1342,678,469,38 1336,676,469,37 1341,681,469,40 1343,681,470,38 1376,692,479,37 1347,681,470,38 1337,676,469,37 1342,676,469,37 1341,681,474,42 1340,679,469,39 1341,681,469,37 1347,685,470,34 1351,683,470,36 1348,684,471,36 1340,681,471,37 1342,682,469,37 1348,688,481,37 1337,677,469,37 1351,686,474,38 1350,683,470,37
2704,1372,939,37 2703,1373,943,36 2706,1367,939,39 2705,1367,938,38 2695,1366,938,39 2694,1364,938,38 2689,1365,940,38 2686,1363,943,35 2681,1357,938,37 2683,1359,938,36 2708,1370,939,37 2708,1376,939,38 2697,1366,938,43 2702,1369,940,36 2688,1362,943,38 2681,1360,939,36 2691,1369,938,37 2694,1369,939,37 2684,1360,938,38 2675,1357,938,38
228,139,80,38 226,137,80,37 225,137,80,37 224,136,80,35 224,136,80,35 227,137,80,36 226,137,80,37 224,137,80,35 224,137,80,36 224,137,80,36 226,137,80,36 229,135,80,36 225,136,80,37 226,137,80,36 222,136,80,37 224,136,80,35 225,136,80,36 225,137,80,37 227,137,80,41 225,137,80,35
450,275,160,36 455,276,160,37 456,278,160,37 456,277,160,37 455,277,160,36 456,277,160,36 454,276,160,36 453,277,160,35 457,277,160,37 457,278,160,37 458,278,160,37 455,278,160,36 454,277,160,38 455,277,160,37 455,277,160,36 455,277,160,37 455,276,160,40 456,276,160,35 457,276,160,37 459,278,160,42
216,121,80,36 214,120,80,35 213,120,80,37 214,120,80,39 213,119,80,35 215,120,80,36 214,120,80,38 214,120,80,36 213,119,80,37 213,120,80,34 213,120,80,34 212,120,80,36 213,120,80,36 213,120,80,35 214,119,80,38 215,120,80,36 214,120,80,38 214,120,80,36 214,120,80,36 215,120,80,35
430,242,160,36 430,243,160,37 431,242,160,37 431,242,160,35 429,243,160,36 430,242,160,40 431,243,160,42 430,242,160,36 431,243,160,39 433,243,160,37 432,242,160,37 433,242,160,37 431,243,160,35 432,243,160,36 428,244,160,41 431,242,160,42 433,243,160,37 432,242,160,37 431,242,160,37 430,244,160,35
308,164,126,38 306,164,126,35 306,163,126,37 307,163,126,35 306,163,126,37 305,163,126,35 305,163,126,37 306,163,126,35 306,163,126,35 307,163,126,35 306,163,126,36 307,163,126,33 306,163,126,36 305,163,126,35 306,163,126,34 305,163,126,35 306,163,126,36 305,163,126,34 307,163,126,37 306,163,126,35
594,318,243,34 593,319,243,37 593,318,243,38 595,319,243,35 594,318,243,37 593,319,243,38 592,318,243,38 593,318,243,36 594,319,243,37 594,318,243,38 592,318,243,36 594,319,243,37 593,318,243,38 593,318,243,37 594,319,243,36 595,319,243,36 594,318,243,37 595,318,243,37 592,318,243,38 594,319,243,37
441,230,180,37 440,229,180,35 440,229,180,36 440,228,180,37 441,229,180,35 440,228,180,36 440,229,180,35 439,228,180,36 440,228,180,37 440,229,180,37 440,228,180,35 440,229,180,36 440,228,180,37 441,229,180,35 440,228,180,96 440,229,180,38 439,228,180,34 439,228,180,36 441,229,180,35 440,229,180,39
885,462,360,36 886,462,360,36 886,462,360,36 885,461,360,37 885,462,360,38 885,462,360,36 886,462,360,36 884,461,360,34 883,461,360,36 884,461,360,36 885,462,360,35 887,462,360,36 884,461,360,38 885,461,360,35 884,461,360,36 884,462,360,37 885,462,360,37 884,462,360,37 886,463,360,35 886,462,360,37
733,375,304,39 732,374,304,34 731,374,304,36 731,374,304,35 731,374,304,36 732,375,304,38 732,375,304,36 734,376,304,36 732,375,304,37 733,376,304,36 731,375,304,35 732,375,304,36 731,374,304,36 730,374,304,37 731,374,304,36 731,374,304,37 731,374,304,36 732,375,304,38 732,374,304,38 733,375,304,36
1471,755,608,38 1471,756,608,36 1468,753,608,37 1466,753,608,37 1469,755,608,37 1467,753,608,37 1470,755,608,38 1469,754,608,36 1470,754,608,49 1470,755,608,36 1470,756,608,38 1469,755,608,37 1467,753,608,36 1466,754,608,36 1470,754,608,37 1469,753,608,37 1471,755,608,40 1470,755,608,37 1469,755,608,38 1467,753,608,37
1329,677,560,38 1329,678,560,37 1331,679,560,38 1331,679,560,35 1331,679,560,36 1332,678,560,37 1331,679,560,38 1331,678,560,36 1330,678,560,37 1331,678,560,37 1327,677,560,40 1329,678,560,35 1330,679,560,37 1330,679,560,39 1332,679,560,35 1331,677,560,36 1331,679,560,40 1331,679,560,35 1329,677,560,35 1328,677,560,36
2660,1357,1120,36 2664,1360,1120,39 2667,1360,1120,40 2667,1360,1120,36 2667,1361,1120,38 2668,1363,1120,36 2661,1357,1120,37 2665,1362,1120,37 2660,1357,1120,36 2660,1357,1120,36 2670,1363,1120,40 2670,1365,1120,37 2670,1363,1120,37 2669,1362,1120,38 2660,1357,1120,39 2662,1359,1120,36 2667,1362,1120,39 2663,1359,1120,35 2649,1358,1120,38 2662,1359,1120,36
1048,680,504,38 1045,676,499,37 1061,687,510,38 1065,691,513,36 1066,688,512,36 1064,691,512,37 1060,691,512,36 1057,691,512,35 1062,695,521,40 1056,694,515,36 1071,691,512,38 1055,686,507,36 1057,695,517,38 1066,694,516,37 1060,683,505,37 1041,676,497,36 1051,686,509,37 1059,691,513,36 1047,676,499,35 1043,680,503,37
2077,1346,994,37 2085,1351,999,36 2096,1378,1021,40 2087,1360,1008,36 2065,1346,993,38 2102,1366,1013,37 2094,1371,1015,38 2104,1368,1012,38 2091,1364,1006,38 2101,1357,1004,37 2114,1377,1029,38 2085,1358,1004,35 2084,1347,997,35 2092,1362,1008,37 2093,1373,1016,37 2117,1378,1023,37 2101,1360,1008,36 2120,1384,1032,36 2110,1370,1018,38 2093,1364,1011,39
1114,637,503,37 1121,639,503,37 1119,639,502,37 1112,635,501,36 1118,638,503,36 1117,640,504,43 1114,635,500,38 1115,639,504,36 1117,637,501,37 1116,637,504,37 1115,636,502,43 1116,638,504,37 1123,644,508,36 1118,638,504,37 1120,637,503,38 1114,637,501,37 1121,638,503,37 1114,636,503,37 1119,639,505,37 1120,639,503,37
2234,1276,1008,37 2229,1272,1000,38 2229,1275,1001,37 2229,1274,1005,37 2220,1268,997,38 2232,1274,1004,37 2218,1272,1001,39 2219,1268,998,37 2225,1270,1000,40 2224,1268,1002,38 2235,1276,1005,38 2230,1277,1007,38 2236,1276,1005,39 2233,1273,1004,37 2230,1272,1003,38 2222,1269,1001,35 2223,1272,1003,37 2226,1271,1004,38 2240,1280,1006,39 2226,1273,1002,37
1655,881,716,39 1659,884,718,37 1644,881,715,38 1646,883,717,36 1651,882,718,38 1645,881,718,38 1664,884,717,38 1646,882,718,37 1645,885,719,37 1648,884,718,37 1644,883,717,42 1646,882,718,37 1649,884,719,39 1639,878,714,40 1643,882,717,38 1645,883,717,39 1643,882,717,38 1643,882,717,38 1644,879,716,41 1645,879,715,37
3165,1700,1381,37 3164,1699,1379,39 3152,1692,1373,38 3158,1691,1376,36 3168,1697,1381,39 3167,1696,1380,37 3166,1703,1381,37 3163,1699,1378,37 3170,1697,1380,38 3161,1694,1373,38 3166,1706,1385,37 3153,1692,1371,41 3162,1693,1372,37 3165,1694,1374,39 3167,1703,1382,39 3166,1704,1383,36 3165,1699,1382,37 3184,1699,1379,38 3163,1702,1382,44 3159,1693,1376,39
2489,1297,1066,40 2488,1291,1062,37 2494,1296,1066,39 2493,1295,1064,39 2501,1299,1069,38 2460,1265,1038,41 2492,1295,1065,37 2496,1296,1064,36 2493,1297,1066,37 2477,1281,1050,37 2474,1281,1050,42 2485,1285,1053,37 2468,1277,1050,42 2472,1278,1049,37 2479,1282,1051,38 2483,1283,1053,38 2477,1277,1049,41 2493,1294,1064,37 2501,1301,1070,39 2477,1279,1049,38
4961,2564,2104,39 4957,2564,2101,38 4967,2570,2104,43 4967,2570,2106,38 4963,2571,2106,41 4954,2564,2102,41 4949,2564,2103,40 4995,2595,2133,38 4982,2592,2134,42 4993,2594,2132,44 5003,2583,2123,36 5008,2589,2127,39 4980,2594,2130,39 4971,2590,2125,38 4970,2581,2122,38 4955,2576,2118,39 4968,2580,2122,39 4950,2566,2102,38 4982,2591,2129,39 4977,2590,2127,45
4164,2126,1739,37 4162,2123,1735,38 4191,2135,1745,38 4174,2122,1731,43 4178,2128,1732,37 4186,2135,1741,38 4173,2126,1740,38 4167,2125,1738,37 4182,2125,1736,39 4172,2124,1738,36 4184,2134,1744,38 4172,2124,1733,38 4164,2094,1704,37 4170,2120,1729,37 4102,2058,1669,37 4176,2120,1733,37 4172,2128,1739,36 4194,2141,1752,41 4185,2136,1745,36 4174,2128,1738,37
8365,4260,3478,43 8369,4258,3475,38 8357,4260,3479,39 8346,4257,3474,42 8368,4246,3470,39 8337,4260,3477,39 8359,4256,3473,41 8366,4261,3475,39 8362,4259,3473,44 8376,4272,3486,38 8404,4266,3479,42 8365,4262,3480,40 8354,4258,3474,37 8359,4264,3476,38 8353,4254,3477,42 8334,4246,3469,37 8339,4249,3470,37 8322,4244,3466,43 8383,4271,3483,38 8373,4264,3481,38
14621,7420,6633,37 14618,7414,6633,36 14594,7414,6633,37 14592,7394,6614,38 14619,7425,6639,39 13649,6463,5678,39 14631,7420,6633,37 14622,7420,6634,39 14621,7426,6636,40 14617,7419,6629,36 14600,7411,6631,35 14592,7400,6620,38 14607,7410,6628,37 14597,7401,6619,37 14624,7419,6628,40 14617,7417,6625,37 14596,7395,6612,37 14623,7420,6632,38 14591,7409,6630,37 13895,6715,5933,37
28088,13875,12309,38 28064,13864,12287,39 28037,13850,12285,41 28802,14617,13052,37 28972,14760,13190,38 28844,14636,13067,37 28891,14676,13093,39 28900,14674,13088,37 28923,14671,13089,44 28880,14650,13067,37 28845,14631,13054,38 28871,14654,13082,37 28905,14725,13158,37 28839,14648,13082,38 28959,14745,13174,41 28883,14661,13072,39 28865,14651,13063,38 28855,14655,13084,38 28951,14751,13180,40 28852,14651,13085,38
1195,790,667,37 1198,791,665,36 1223,806,682,37 1221,802,678,38 1222,801,676,38 1203,784,663,37 1202,796,673,40 1199,793,671,75 1204,794,672,37 1205,787,666,35 1218,804,679,37 1203,799,675,37 1206,784,662,36 1219,798,674,36 1198,799,673,36 1209,780,662,38 1200,782,660,43 1201,784,663,39 1194,790,667,36 1196,781,659,38
2407,1580,1336,36 2416,1589,1341,36 2388,1567,1323,38 2390,1565,1319,37 2389,1559,1315,44 2409,1577,1338,38 2376,1552,1310,38 2399,1557,1315,38 2435,1582,1338,38 2414,1591,1344,37 2397,1556,1309,36 2395,1563,1321,36 2388,1571,1326,35 2414,1563,1322,36 2389,1562,1319,49 2393,1567,1322,38 2420,1577,1332,37 2407,1589,1327,37 2387,1565,1325,36 2401,1575,1334,38
1298,740,656,38 1298,742,657,37 1293,742,656,35 1298,742,656,36 1297,740,654,35 1301,742,658,36 1298,742,657,37 1294,740,656,35 1297,743,656,37 1294,742,658,44 1298,743,657,36 1298,742,657,40 1300,742,657,37 1296,744,658,39 1300,746,658,36 1300,741,656,37 1295,742,657,42 1297,745,660,38 1292,739,651,35 1296,740,657,37
2580,1479,1309,37 2597,1484,1313,39 2588,1486,1315,37 2593,1485,1313,37 2595,1483,1314,37 2603,1493,1322,38 2595,1482,1312,37 2597,1490,1320,38 2601,1490,1318,37 2601,1496,1324,39 2602,1489,1316,37 2587,1486,1315,41 2597,1493,1320,38 2625,1526,1352,38 2602,1494,1322,38 2595,1491,1318,38 2604,1491,1319,38 2593,1486,1316,42 2599,1488,1318,39 2593,1490,1318,38
1927,1033,934,37 1935,1036,938,41 1936,1040,941,38 1933,1035,936,41 1958,1059,962,38 1929,1029,933,38 1926,1030,932,37 1924,1030,931,39 1926,1031,930,36 1932,1033,936,38 1929,1033,936,38 1940,1038,938,37 1929,1034,936,39 1930,1033,937,37 1924,1031,934,36 1926,1031,932,43 1928,1031,935,37 1930,1033,933,39 1931,1036,936,37 1934,1032,934,38
3713,1991,1798,38 3714,1993,1802,39 3715,1992,1798,38 3713,1988,1798,43 3707,1986,1793,37 3727,1998,1808,42 3724,1990,1803,39 3726,1995,1806,44 3733,2008,1819,38 3725,1992,1803,37 3721,1993,1804,38 3719,1993,1802,43 3725,2002,1814,38 3741,2000,1810,44 3714,1985,1794,45 3712,1989,1796,43 3713,1988,1796,43 3721,1995,1803,43 3723,1996,1806,38 3721,1991,1799,44
2892,1499,1372,42 2904,1510,1384,36 2905,1513,1388,37 2904,1507,1382,37 2895,1502,1374,37 2904,1511,1383,43 2910,1519,1387,36 2938,1512,1384,37 2898,1510,1382,38 2898,1510,1386,39 2895,1507,1382,36 2901,1509,1383,40 2901,1509,1382,39 2896,1502,1375,39 2900,1502,1375,48 2927,1534,1406,38 2906,1513,1385,37 2902,1506,1381,43 2889,1496,1370,38 2892,1501,1376,40
5782,3004,2749,36 5812,3017,2765,44 5791,3008,2754,43 5780,3005,2751,39 5791,3015,2762,43 5782,3003,2748,42 5804,3001,2747,42 5806,3027,2770,42 5807,3023,2766,38 5767,2984,2731,39 5781,3002,2748,37 5780,2999,2747,42 5778,2995,2740,38 5792,3009,2750,37 5804,3026,2773,39 5816,3028,2772,42 5806,3022,2767,37 5804,3022,2768,38 5810,3025,2771,43 5803,3026,2771,37
4852,2483,2282,39 4849,2479,2278,38 4846,2475,2276,38 4842,2477,2278,37 4843,2473,2274,38 4859,2484,2279,38 4864,2495,2289,38 4870,2490,2289,43 4854,2479,2279,39 4843,2478,2277,36 4839,2476,2276,37 4864,2487,2286,38 4879,2508,2305,40 4844,2479,2280,38 4845,2478,2277,38 4848,2478,2278,40 4864,2493,2291,37 4857,2484,2279,37 4852,2488,2284,41 4861,2488,2288,38
9709,4969,4564,38 9718,4976,4573,39 9653,4917,4512,38 9615,4884,4484,41 9727,4994,4591,39 9637,4889,4483,38 9621,4873,4465,39 9603,4860,4448,40 9711,4968,4560,40 9698,4962,4554,43 9686,4951,4546,39 9694,4967,4565,42 9682,4952,4551,39 9705,4956,4550,39 9705,4961,4554,37 9709,4962,4552,39 9715,4970,4558,38 9690,4951,4550,38 9702,4953,4552,38 9662,4958,4554,43
16005,8128,7733,39 16018,8142,7743,38 16020,8152,7754,39 15986,8124,7727,37 15995,8127,7729,36 15999,8115,7715,38 15984,8115,7716,38 14977,7107,6710,37 16017,8136,7739,38 16004,8148,7755,39 15980,8124,7728,38 15992,8133,7736,38 16005,8128,7733,37 16013,8141,7743,36 15996,8135,7737,38 15731,8140,7740,37 16025,8153,7754,37 15975,8124,7733,41 16001,8129,7734,37 15994,8131,7737,37
31759,16239,15450,39 30737,15217,14416,38 30825,15233,14433,45 30758,15209,14412,42 30226,14664,13868,41 31806,16254,15456,40 31775,16259,15465,43 31529,16270,15476,40 31824,16247,15451,39 31864,16276,15476,39 31844,16288,15490,37 30839,15258,14463,38 30770,15205,14411,39 30897,15306,14517,40 30810,15232,14447,40 30784,15228,14439,41 30733,15215,14429,38 30237,14696,13906,39 31748,16213,15417,37 31747,16242,15444,37
644,415,670,47 646,416,675,38 806,419,657,37 659,429,698,41 640,407,658,40 1200,854,1528,37 1432,1202,2234,37 639,406,656,36 646,413,656,38 1474,1230,2302,36 653,421,686,36 643,411,667,38 1466,1229,2295,38 655,417,679,36 758,411,669,40 1430,1200,2238,38 646,409,660,36 777,412,673,39 664,419,668,35 1362,1132,2082,39
1266,813,1335,38 1295,845,1326,39 1259,804,1315,37 1372,814,1330,38 1300,837,1321,37 1276,822,1327,36 1276,820,1319,38 1279,821,1326,37 1272,823,1338,36 1544,806,1327,37 1277,816,1326,38 1263,805,1319,37 1264,808,1324,37 1264,807,1317,38 1274,819,1322,37 1280,820,1330,39 1263,803,1314,37 1268,801,1318,38 1295,840,1322,41 1262,809,1320,38
367,223,671,37 749,606,1432,37 395,232,674,36 369,229,663,37 364,222,667,36 754,614,1433,38 366,223,668,36 758,614,1443,36 445,228,660,37 368,227,671,36 416,224,668,37 777,633,1498,37 372,220,658,39 370,230,674,38 376,231,676,37 764,623,1457,39 392,226,665,35 365,223,675,36 745,606,1439,36 376,235,665,36
739,454,1328,38 976,701,1825,40 722,452,1313,36 718,451,1322,38 728,449,1347,50 1507,1230,2883,38 730,462,1375,38 718,451,1326,36 729,460,1330,37 726,450,1321,36 735,435,1327,37 1244,889,2231,39 733,465,1352,37 714,439,1329,38 715,441,1317,36 890,470,1367,39 871,449,1327,37 732,461,1325,36 735,456,1345,38 1394,1120,2667,36
230,131,676,37 405,304,1042,38 429,326,1070,36 406,304,1026,39 257,130,675,36 254,129,679,39 422,321,1061,38 433,330,1073,36 227,129,671,40 232,133,684,35 421,318,1047,36 418,317,1047,36 426,324,1076,37 222,124,659,38 226,127,675,36 231,130,667,37 414,312,1046,36 430,327,1075,36 244,130,680,37 482,337,1094,38
514,259,1346,43 459,267,1389,35 451,255,1352,38 809,620,2080,40 835,644,2133,37 870,667,2194,37 449,256,1345,38 867,635,2112,37 437,248,1351,37 450,257,1347,37 452,255,1334,37 833,634,2112,39 681,487,1812,36 457,253,1348,38 454,256,1354,38 449,259,1360,39 884,687,2205,38 820,635,2109,38 446,252,1344,36 485,254,1339,37
309,205,1048,36 314,212,896,38 196,96,659,36 301,178,991,38 282,182,835,38 194,96,662,37 329,232,1192,37 314,207,1058,37 204,96,650,38 282,175,985,36 199,95,661,36 267,172,989,40 257,152,818,38 332,220,1086,43 280,180,1004,36 278,177,998,37 309,216,1238,37 288,172,814,34 309,210,1053,36 264,171,822,41
546,361,1748,37 586,378,1774,37 586,373,1773,37 538,372,1770,39 566,370,1768,38 530,358,1767,37 559,366,1758,48 542,369,1758,39 555,363,1749,38 565,374,1767,39 561,379,1779,37 553,362,1750,38 543,366,1753,36 568,371,2165,39 553,363,1932,35 584,375,2168,41 545,376,2157,37 351,162,1358,38 556,364,1745,36 386,173,1365,36
299,189,2353,35 303,190,2302,36 316,195,2374,36 298,189,2319,38 312,191,2290,36 306,188,2295,39 287,180,2290,36 280,147,2275,38 267,146,2226,37 266,151,2246,35 257,146,2197,36 296,187,2347,38 304,189,2327,43 312,183,2330,37 289,179,2290,36 264,151,2244,41 309,193,2346,35 303,187,2391,38 260,149,2269,38 302,189,2445,38
492,303,4803,38 509,311,4793,36 505,301,4439,34 500,310,4753,36 521,305,4875,37 487,308,4709,37 516,321,4786,38 494,296,4764,37 498,303,4670,44 509,312,4822,37 498,311,4648,38 502,311,4805,37 496,305,4778,37 507,309,4598,37 504,303,4340,37 499,311,4804,36 510,318,5008,38 501,299,4826,38 518,309,4805,36 503,308,4793,36
2018/10/02 16:07:58.258074071
