commit dba53b0a9e3825c5e785562f69c3ac61b9692f97
2018/09/17 05:44:28.669577089
protocol 1
69,89,79 63,89,80 59,87,85 58,87,85 61,89,82 62,88,82 58,88,85 54,88,89 61,88,83 50,89,94
212,177,73 203,178,84 204,178,83 203,178,82 203,178,85 203,178,83 203,178,83 199,178,86 200,177,85 207,178,79
85,95,85 86,94,83 81,93,87 84,93,84 88,94,80 84,93,83 87,93,81 84,91,82 80,92,86 86,93,81
263,195,85 263,194,82 270,194,76 267,194,80 261,194,85 258,190,84 258,194,87 266,194,81 267,195,79 262,193,84
178,138,82 176,136,83 177,137,82 176,137,83 166,134,91 171,133,85 176,136,84 174,137,86 182,136,77 180,137,79
478,300,83 466,293,87 460,300,102 472,298,87 467,299,94 471,300,88 477,300,84 466,290,86 471,298,86 472,300,88
466,284,84 475,290,82 470,289,86 486,290,81 475,291,83 474,290,82 466,283,84 475,290,82 462,281,87 464,283,86
878,496,80 880,503,86 880,505,84 878,502,84 878,498,82 884,504,82 880,503,86 880,503,85 867,491,83 858,494,97
921,508,81 920,507,81 931,526,84 914,525,101 922,517,87 931,524,86 922,524,95 927,522,87 927,517,82 928,522,86
2148,1159,87 2120,1130,86 2118,1125,90 2156,1156,82 2145,1153,89 2141,1143,81 2143,1152,85 2147,1155,84 2158,1160,84 2137,1151,96
1973,1044,82 1955,1038,93 1985,1048,78 1981,1053,85 1963,1035,82 1985,1059,83 1966,1041,91 1992,1060,84 1987,1061,84 1987,1062,85
4218,2175,82 4247,2208,87 4252,2211,82 4228,2183,79 4252,2219,84 4246,2217,88 4261,2226,95 4254,2214,90 4212,2187,92 4272,2243,89
485,350,84 486,348,85 478,348,90 478,348,93 488,347,85 476,349,87 487,349,87 493,348,82 482,348,86 482,348,86
1042,695,88 1035,697,88 1039,698,87 1045,697,86 1050,698,80 1039,697,85 1051,699,86 1037,696,85 1043,696,83 1041,697,83
563,367,93 572,367,86 568,366,88 568,366,91 576,366,82 576,366,82 562,364,91 576,365,83 571,365,86 568,364,87
1252,762,105 1269,756,88 1276,757,83 1271,758,86 1266,757,87 1258,758,94 1272,760,82 1269,761,89 1274,758,85 1269,758,84
921,530,86 921,531,85 921,532,90 909,533,101 926,533,87 919,532,88 918,531,89 929,533,82 922,530,84 932,530,76
2086,1152,86 2093,1154,80 2097,1156,86 2091,1156,90 2086,1150,84 2083,1151,87 2080,1152,92 2081,1151,87 2099,1161,82 2085,1152,88
2101,1130,80 2094,1132,87 2094,1127,87 2090,1121,86 2087,1121,82 2092,1121,82 2091,1122,85 2094,1131,91 2101,1129,82 2092,1129,87
3678,1945,82 3690,1949,82 3679,1943,85 3661,1937,87 3665,1935,84 3667,1935,88 3685,1945,86 3670,1946,90 3681,1950,83 3689,1951,87
3922,2026,77 3895,2027,90 3902,2026,82 3918,2033,83 3918,2035,85 3915,2030,82 3924,2039,83 3906,2038,90 3904,2036,91 3907,2024,80
8708,4474,87 8724,4473,78 8712,4471,87 8714,4482,87 8718,4481,80 8691,4471,84 8693,4474,83 8744,4500,84 8731,4500,95 8723,4501,89
8091,4136,83 8110,4145,85 8090,4122,81 8065,4109,93 8077,4115,84 8066,4120,87 8087,4141,85 8109,4141,85 8097,4124,86 8093,4143,89
17072,8694,85 17104,8694,87 17080,8658,76 16977,8630,87 16993,8636,80 17005,8626,83 17043,8650,89 17109,8700,83 17098,8688,84 16997,8637,86
430,326,93 439,325,81 437,324,82 444,325,77 431,326,89 431,325,89 436,325,82 434,325,85 436,325,81 437,324,82
949,652,89 953,653,85 953,652,86 955,649,82 951,654,90 961,651,79 953,651,84 951,653,86 948,651,89 957,651,82
553,353,82 542,354,93 542,351,89 550,352,83 559,351,73 544,351,88 552,351,79 549,351,85 548,351,83 551,351,81
1228,731,82 1216,731,91 1220,731,87 1228,737,88 1232,737,86 1227,732,81 1226,737,87 1222,732,90 1227,732,83 1222,732,86
910,521,81 913,521,80 905,520,86 910,524,86 915,525,82 910,524,84 914,524,80 915,524,81 910,524,86 905,520,84
2073,1141,84 2082,1144,84 2083,1143,82 2085,1147,86 2088,1142,79 2075,1143,84 2080,1143,83 2082,1143,82 2087,1152,88 2088,1153,87
2119,1137,89 2124,1137,82 2140,1147,83 2125,1139,86 2121,1137,87 2118,1137,88 2124,1137,87 2118,1137,90 2124,1136,87 2130,1148,89
3716,1952,83 3698,1955,104 3702,1961,95 3722,1971,85 3718,1957,82 3724,1965,86 3720,1954,80 3713,1952,84 3706,1954,85 3701,1951,87
4015,2084,80 4011,2085,85 3997,2086,87 4003,2086,82 3980,2067,90 3984,2068,86 3978,2066,86 3979,2067,85 3984,2065,91 4009,2084,85
8942,4619,90 8931,4602,86 8948,4604,89 8913,4578,85 8923,4580,82 8936,4592,82 8944,4622,90 8899,4575,90 8931,4574,87 8935,4580,89
8277,4228,87 8317,4269,87 8324,4262,86 8289,4226,90 8273,4228,89 8267,4227,92 8298,4223,79 8286,4233,90 8297,4232,83 8313,4266,103
17489,8891,85 17479,8887,91 17509,8884,82 17514,8888,81 17574,8964,91 17554,8933,81 17477,8886,88 17489,8892,82 17509,8892,84 17504,8887,88
1556,1095,85 1561,1096,88 1570,1094,85 1573,1097,84 1556,1092,87 1579,1098,83 1578,1094,81 1557,1096,87 1563,1097,87 1556,1097,90
3239,2189,86 3219,2188,88 3212,2188,91 3226,2193,93 3212,2192,87 3204,2186,91 3220,2192,93 3210,2187,83 3220,2188,79 3196,2188,84
2041,1218,81 2041,1219,84 2033,1217,84 2035,1218,84 2036,1219,85 2042,1220,86 2043,1220,84 2030,1219,86 2036,1220,80 2044,1220,83
4306,2532,89 4298,2536,89 4347,2533,83 4349,2544,88 4314,2534,83 4329,2542,85 4314,2534,80 4327,2546,81 4302,2534,92 4312,2534,85
3522,1825,94 3313,1826,92 3319,1826,89 3313,1827,100 3331,1824,91 3327,1824,84 3329,1827,88 3330,1823,86 3352,1831,84 3327,1825,81
7425,4029,84 7417,4032,82 7419,4033,84 7423,4025,88 7419,4030,92 7428,4041,81 7446,4040,81 7441,4036,87 7457,4032,85 7447,4031,87
7794,4076,86 7800,4076,83 7800,4076,86 7820,4091,80 7801,4080,84 7774,4081,90 7767,4071,88 7785,4091,83 7772,4075,92 7815,4089,89
13337,6940,81 13295,6930,90 13289,6918,83 13342,6935,91 13327,6921,86 13291,6920,85 13280,6915,84 13331,6927,83 13330,6933,82 13290,6920,92
14579,7442,87 14605,7445,81 14610,7468,98 14636,7439,82 14652,7444,84 14552,7429,87 14586,7455,87 14579,7431,85 14596,7454,83 14553,7433,85
32394,16497,95 32641,16530,84 32501,16496,87 32478,16522,77 32439,16483,88 32550,16585,81 32494,16518,86 32449,16539,87 32441,16549,84 32443,16525,83
32036,16161,92 32113,16150,90 32144,16124,82 32032,16121,87 32052,16128,76 32048,16118,93 32083,16145,92 31988,16131,83 32089,16122,85 32086,16123,84
67747,34107,87 66810,33186,88 67206,33452,86 67693,34003,84 67745,33988,82 67716,34029,84 67689,34030,92 66679,32998,87 67157,33221,85 67047,33318,86
26656,10743,87 22931,13430,89 21733,12260,84 18194,8753,89 21276,10714,87 17296,8728,85 20486,10997,79 18539,9588,85 20738,11068,87 19969,11382,86
51068,27270,86 43748,22049,91 37317,18401,93 40212,22833,85 41268,24169,87 38271,20781,89 43434,22117,90 39265,20375,83 36338,18358,83 36371,18776,82
12386,6013,84 12717,6708,89 10492,5162,84 11697,5925,81 14851,8731,87 10298,5178,82 10410,5558,86 17828,6798,90 15469,7695,87 15411,8708,88
23576,12364,85 25128,14609,84 26152,11760,90 21992,10924,92 23209,11730,85 21788,11093,75 25821,13036,117 20096,10380,78 19621,9998,89 21484,10789,89
7849,3132,82 6329,3168,82 8683,3125,91 8807,4353,98 8773,4784,81 7076,3991,84 10538,4045,84 8834,4854,87 7017,3529,86 8419,4048,79
16603,7762,87 16492,8776,85 14265,7209,85 14666,7685,88 13191,6628,84 13694,7141,87 14124,7135,84 17669,8945,82 14502,6554,87 18044,7484,100
4656,2254,89 6228,3158,88 6276,3185,84 6221,3148,87 6212,3141,89 6656,3582,85 7220,3321,86 6892,3413,92 6206,3140,91 6215,3154,89
13063,5379,90 11100,5910,86 8791,4403,90 9419,4419,86 12719,6152,84 11757,5967,85 10187,4603,92 8931,4430,90 10768,5340,88 10014,4442,98
4891,2702,89 4701,2255,88 5073,2626,86 4080,2462,88 6046,3778,89 7289,3611,87 6313,3732,81 5768,3592,91 4448,2265,83 5978,2611,86
9586,4825,84 11258,6508,86 10775,5834,85 9456,4783,84 9163,4247,91 9515,4687,86 11718,5965,85 8374,4344,80 9776,5600,88 8740,4232,87
protocol 2
56,87,86 57,85,82 44,85,95 50,85,88 58,86,81 60,85,79 54,85,85 53,84,84 51,85,88 54,85,85
188,173,90 193,174,86 189,173,89 195,170,85 188,172,90 187,173,90 196,174,82 196,172,81 191,173,88 194,174,84
53,78,86 53,77,85 55,78,86 59,78,81 60,78,80 56,78,85 61,79,80 58,78,83 58,76,80 58,78,83
200,158,83 197,158,84 199,158,82 196,158,84 197,158,84 190,158,91 197,158,83 197,154,80 197,158,84 196,157,84
110,107,89 111,107,88 109,107,90 114,107,85 113,105,84 114,106,84 113,107,86 115,107,84 113,107,86 122,107,77
296,202,83 296,202,82 299,206,83 293,206,89 298,206,85 300,206,83 294,202,84 287,200,90 300,200,78 298,203,82
206,148,80 199,147,85 204,150,84 205,150,83 204,146,80 204,148,83 208,151,81 198,148,89 210,150,79 208,149,79
492,299,84 497,304,82 489,295,86 487,295,84 482,301,95 477,294,91 486,294,85 490,300,86 492,302,86 480,292,87
387,244,88 394,244,80 390,244,83 396,245,78 385,241,86 387,241,83 377,240,94 394,244,82 381,237,87 385,239,84
865,484,79 858,481,82 862,485,84 873,488,74 855,477,85 870,488,77 857,482,87 866,490,84 857,480,82 852,476,82
774,441,87 776,438,85 778,436,80 779,439,83 779,438,79 758,427,89 762,428,87 779,439,81 775,440,85 770,434,84
1612,852,82 1627,872,86 1626,875,87 1630,871,80 1633,872,82 1640,876,77 1609,850,83 1600,852,91 1632,877,86 1597,855,98
470,343,84 480,345,83 472,346,93 487,344,81 474,344,90 492,344,74 475,346,85 483,347,81 480,349,87 470,346,84
1030,690,85 1036,693,89 1019,694,93 1037,695,86 1029,693,83 1020,690,91 1028,693,83 1022,695,95 1035,696,86 1031,691,85
489,317,80 483,322,109 503,315,81 510,318,85 505,322,83 498,315,87 504,316,84 501,316,79 515,320,79 505,313,83
1070,630,85 1071,637,84 1059,629,84 1064,632,87 1057,631,94 1063,630,82 1069,635,87 1079,633,73 1057,635,89 1063,632,82
730,427,84 727,424,89 731,421,81 741,430,83 747,434,95 736,426,88 730,420,80 756,436,86 762,429,80 758,428,88
1513,810,89 1551,818,82 1549,816,82 1537,816,86 1557,821,87 1570,811,91 1511,817,88 1540,827,89 1512,813,82 1542,815,78
1083,593,80 1079,590,87 1136,590,86 1056,592,87 1089,590,82 1093,590,83 1054,588,92 1079,589,83 1069,591,88 1090,592,76
2235,1183,87 2293,1184,78 2266,1185,86 2259,1184,85 2260,1181,84 2303,1182,82 2283,1181,86 2232,1182,90 2320,1192,87 2263,1184,90
1823,963,85 1818,958,92 1819,957,89 1800,958,80 1816,960,83 1792,959,87 1849,961,81 1828,962,87 1799,963,84 1843,961,80
3800,1932,82 3841,1932,79 3779,1925,81 3746,1926,91 3759,1932,92 3744,1930,86 3864,1935,83 3796,1933,88 3729,1930,91 3771,1930,86
3340,1741,90 3351,1739,82 3363,1743,83 3458,1745,87 3376,1736,85 3373,1744,82 3397,1752,89 3388,1752,82 3381,1736,85 3392,1735,88
6845,3502,87 6817,3501,94 6862,3513,87 6837,3498,92 6814,3501,87 6797,3495,93 6838,3496,86 6848,3511,90 6832,3509,93 6826,3504,84
421,318,83 410,316,91 623,316,81 416,316,84 418,317,85 418,317,83 419,317,83 418,316,84 411,317,92 422,317,81
921,637,87 928,637,82 924,638,85 919,638,89 924,637,86 918,638,91 926,639,83 925,639,85 921,637,88 925,639,85
449,302,88 451,300,85 451,301,84 448,300,87 448,300,87 449,299,87 423,299,112 448,299,85 453,299,84 443,299,92
979,604,96 998,606,83 995,605,85 988,602,85 995,603,81 988,603,86 989,602,85 986,602,87 993,603,82 994,602,81
701,417,85 706,417,80 703,416,83 705,416,80 699,415,85 666,414,118 699,416,85 702,417,83 701,414,83 697,416,88
1420,803,91 1435,803,80 1426,802,84 1428,804,82 1427,804,88 1427,803,88 1430,808,88 1425,806,88 1429,806,91 1429,809,93
1068,596,86 1067,594,87 1073,598,89 1075,596,85 1080,598,79 1074,597,84 1077,594,81 1071,595,86 1079,598,82 1078,598,83
2236,1199,85 2215,1186,87 2226,1196,95 2235,1193,81 2210,1172,82 2233,1194,80 2240,1203,91 2211,1178,89 2239,1203,85 2243,1202,81
1797,937,84 1834,972,82 1823,972,90 1833,970,79 1833,972,80 1826,972,84 1830,973,89 1830,977,89 1821,971,93 1825,970,87
3751,1947,89 3751,1948,88 3740,1948,91 3733,1948,89 3752,1949,89 3759,1951,86 3755,1956,81 3762,1957,83 3763,1956,81 3759,1955,89
3453,1781,91 3456,1780,85 3456,1787,82 3457,1793,86 3452,1783,86 3478,1798,81 3442,1782,87 3445,1780,78 3448,1780,75 3444,1780,86
6992,3568,84 7002,3571,87 7018,3596,89 7006,3585,85 7019,3588,88 7021,3590,92 7002,3568,93 7001,3570,85 7003,3590,89 7000,3585,80
1689,1204,95 1711,1210,100 1747,1208,81 1710,1202,87 1694,1194,80 1704,1221,84 1672,1213,87 1721,1220,84 1719,1207,103 1687,1217,86
3425,2399,81 3427,2415,82 3457,2396,87 3418,2400,85 3441,2396,83 3435,2402,84 3427,2393,85 3428,2390,92 3452,2393,83 3449,2408,97
1873,1171,78 1879,1171,85 1888,1173,79 1882,1171,86 1877,1172,96 1888,1171,80 1894,1174,85 1878,1171,89 1869,1176,93 1895,1171,79
3846,2342,90 3852,2349,78 3852,2345,89 3829,2345,85 3828,2341,82 3829,2340,87 3849,2350,82 3844,2344,83 3812,2344,90 3797,2344,128
2882,1646,85 2876,1648,86 2871,1649,88 2870,1650,82 2863,1645,89 2862,1646,95 2882,1644,86 2869,1645,85 2864,1643,83 2868,1646,89
5634,3177,87 5610,3177,87 5619,3178,77 5579,3172,91 5623,3175,81 5627,3179,83 5607,3174,86 5620,3177,84 5617,3170,85 5605,3177,93
4359,2384,91 4393,2397,81 4346,2382,89 4349,2384,85 4355,2382,89 4383,2381,85 4343,2382,82 4333,2381,89 4351,2384,85 4347,2381,84
8777,4759,92 8776,4764,82 8797,4769,83 8801,4771,83 8777,4766,80 8774,4762,81 8786,4776,89 8767,4761,86 8787,4773,85 8791,4769,86
7593,4067,92 7597,4065,89 7619,4061,86 7614,4066,88 7596,4061,77 7584,4063,88 7605,4062,84 7610,4066,85 7592,4062,90 7599,4063,83
15115,8126,284 15241,8115,88 15317,8123,90 15277,8115,84 15230,8114,85 15274,8117,81 15300,8129,90 15308,8123,86 15218,8078,82 15144,7992,83
20294,10133,80 21531,11343,86 21442,11330,91 21472,11340,88 21506,11354,81 21505,11361,83 21455,11344,83 21471,11362,81 21433,11341,88 21481,11351,90
40967,20576,86 40419,19952,84 40269,19947,86 43022,22707,93 43038,22672,87 43012,22652,89 43110,22690,85 41174,20775,86 41567,21293,87 41641,21340,85
13252,7436,84 13457,7582,90 12304,6506,81 13324,7456,85 13695,7397,89 12780,6554,88 13355,7223,89 13189,7382,92 13258,7472,91 13603,7740,86
25650,15339,87 25636,15395,89 25889,15409,93 29209,14466,83 26021,15538,83 24634,13341,88 29907,15647,83 26443,15897,87 25625,14782,88 24845,13877,90
6260,3308,85 7536,4610,83 6414,3318,88 7373,4439,83 6340,3363,89 6241,3308,82 6926,3868,87 8562,5495,92 8113,4790,84 7270,4358,88
13633,7557,84 13613,7185,90 12814,6615,93 13788,7820,81 14564,7943,86 12991,6615,91 13887,7667,87 14865,8437,93 12875,6875,90 14559,8622,88
4634,3158,88 4832,3349,85 3205,1710,86 4844,3363,91 4498,3026,88 4693,3199,88 3215,1709,82 4637,3158,86 4650,3166,82 5439,2541,86
7733,4701,86 8173,4699,86 9979,6918,83 7810,4771,89 9842,3799,91 10892,6497,85 7196,4147,87 7019,3977,82 7025,4004,93 6977,3931,85
4708,3226,87 4516,3043,92 3218,1732,85 3204,1713,83 6054,3209,91 5966,3238,84 3193,1710,80 4586,3114,91 3189,1706,84 3204,1704,87
6782,3683,92 5061,3411,89 6111,3138,89 4994,1840,85 6595,3386,89 4860,1883,87 5229,3601,92 5029,3398,86 4978,3357,82 4172,2555,86
4431,2947,83 6026,3150,87 4680,3203,88 5893,3016,89 4674,3195,83 4707,1801,88 5948,3211,87 6224,3298,83 4797,3309,85 4239,2474,85
6137,3455,86 4023,2412,84 4995,3364,88 5127,3502,85 4967,3338,84 5452,3055,84 5053,3438,92 6377,3317,84 5271,3273,84 5775,2715,85
2018/09/17 08:06:49.086216862
