commit 0c40a03a266745b13bfac01b97d01a9d16b36146
2018/09/18 09:23:25.084844472
protocol 1
145,88,41,14,34 142,85,41,12,37 140,85,41,12,33 139,85,41,12,32 140,85,41,12,34 140,85,41,12,34 139,86,41,13,35 140,85,41,12,34 141,85,41,12,37 140,85,41,12,37
281,174,82,25,33 281,172,82,25,33 280,174,82,26,34 281,173,82,26,33 279,173,82,25,34 283,172,82,25,35 282,172,82,25,33 281,172,82,25,33 281,172,82,25,35 282,172,82,25,34
165,91,69,13,34 164,90,69,12,34 163,90,69,12,37 163,90,69,12,36 164,90,69,12,34 164,90,69,12,32 165,90,69,12,37 163,90,69,12,31 163,90,69,12,32 164,90,69,12,31
338,189,144,24,31 338,188,144,24,32 338,187,144,24,33 338,187,144,24,36 337,189,144,24,31 339,188,144,24,31 337,188,144,24,33 338,188,144,24,31 338,188,144,24,32 338,187,144,24,35
254,133,102,19,36 253,131,102,18,32 254,131,102,18,32 254,131,102,18,32 254,131,102,18,33 254,132,102,18,31 254,131,102,18,32 253,131,102,18,32 253,131,102,18,37 253,132,102,18,32
548,288,228,32,30 547,288,228,32,33 547,288,228,32,33 547,288,228,32,32 547,288,228,32,30 548,288,228,32,30 547,288,228,32,32 547,288,228,32,33 547,289,228,33,33 546,288,228,32,32
543,279,228,26,37 542,279,228,26,33 542,279,228,26,36 543,279,228,26,34 542,279,228,26,32 542,279,228,26,33 543,279,228,26,36 542,279,228,26,32 542,279,228,26,33 542,279,228,26,31
939,482,384,56,33 939,482,384,56,36 939,483,384,56,32 939,482,384,56,33 940,482,384,56,33 940,483,384,57,33 939,482,384,56,34 939,482,384,56,36 938,482,384,56,38 939,482,384,56,36
989,502,425,50,36 988,501,425,49,33 987,501,425,49,33 987,501,425,49,35 988,501,425,49,36 987,501,425,49,32 988,501,425,49,36 987,501,425,49,32 988,501,425,49,35 988,501,425,49,36
2176,1108,950,95,33 2177,1108,950,96,32 2176,1109,950,96,34 2177,1109,950,96,33 2177,1109,950,96,31 2176,1109,950,96,36 2178,1110,951,96,36 2178,1110,950,96,34 2177,1109,950,96,38 2177,1110,950,96,33
2028,1025,900,95,38 2026,1025,898,95,34 2027,1025,898,95,37 2026,1024,895,95,32 2026,1024,896,94,35 2026,1025,895,95,33 2025,1024,899,94,34 2025,1024,895,94,32 2026,1024,897,94,33 2025,1024,900,94,33
4251,2152,1907,180,33 4254,2154,1908,181,34 4250,2152,1906,180,36 4250,2151,1906,180,38 4249,2152,1908,181,38 4251,2153,1908,181,33 4251,2154,1908,181,39 4252,2154,1908,181,32 4253,2155,1908,181,34 4254,2154,1908,181,36
562,344,246,51,35 565,343,246,51,35 559,344,246,51,36 561,344,246,51,36 571,344,246,52,35 568,344,246,52,33 564,345,246,52,34 560,344,246,52,36 567,343,246,51,36 566,343,246,51,35
1118,687,492,100,33 1117,687,492,100,35 1116,686,492,100,36 1120,687,492,100,36 1117,687,492,100,32 1121,686,492,100,35 1117,687,492,100,32 1112,688,492,100,41 1115,687,492,101,34 1112,688,492,100,36
652,361,276,49,37 652,361,276,48,35 654,361,276,49,34 646,360,276,48,32 650,361,276,49,34 649,361,276,48,38 654,361,276,49,49 650,360,276,48,33 651,361,276,48,37 652,360,276,48,30
1342,749,576,93,38 1345,749,576,94,37 1343,749,576,94,37 1340,749,576,94,38 1342,749,576,94,35 1341,750,576,94,33 1341,750,576,94,37 1343,749,577,94,36 1344,748,576,94,38 1344,748,576,94,37
1000,525,425,73,36 998,525,425,72,35 999,524,425,72,37 996,525,425,72,34 997,524,425,72,34 994,523,425,71,34 998,525,425,73,35 1000,524,425,72,40 999,525,425,73,35 997,524,425,72,35
2148,1139,950,126,36 2152,1139,950,126,34 2153,1139,950,126,34 2151,1140,950,127,34 2148,1139,950,126,35 2150,1139,950,126,34 2150,1139,950,126,37 2151,1139,950,126,38 2151,1140,950,127,35 2149,1139,950,126,33
2151,1110,969,100,34 2151,1110,969,100,34 2150,1110,968,100,36 2152,1109,969,99,31 2149,1109,969,99,37 2149,1109,968,99,36 2151,1110,968,101,31 2150,1110,969,100,33 2152,1111,969,100,34 2151,1110,968,100,33
3713,1916,1634,211,34 3715,1915,1631,212,33 3713,1914,1632,211,35 3716,1914,1632,211,35 3710,1914,1632,211,35 3711,1914,1632,211,38 3713,1914,1631,211,34 3717,1917,1633,211,44 3712,1914,1632,211,48 3711,1913,1632,211,35
3951,2008,1753,180,36 3954,2008,1756,180,34 3951,2009,1752,181,34 3948,2008,1754,180,33 3944,2005,1751,180,35 3945,2006,1752,180,32 3947,2008,1753,180,38 3948,2007,1754,180,34 3947,2006,1751,180,39 3951,2006,1752,180,36
8709,4434,3938,341,34 8702,4431,3924,341,34 8692,4428,3919,340,34 8696,4432,3927,341,38 8691,4425,3916,339,36 8689,4425,3915,340,36 8711,4435,3941,340,36 8699,4426,3915,340,35 8698,4430,3921,339,35 8706,4430,3930,340,35
8089,4088,3606,356,37 8089,4086,3604,357,36 8102,4099,3620,356,33 8089,4086,3604,358,33 8115,4098,3612,360,36 8112,4098,3611,360,36 8121,4101,3614,362,34 8121,4099,3611,362,32 8096,4090,3606,359,41 8105,4094,3608,358,34
17043,8612,7666,678,37 17015,8597,7642,684,35 16947,8572,7633,673,36 16944,8570,7635,671,33 16974,8597,7655,674,36 16948,8576,7634,675,36 17008,8601,7650,683,39 17010,8605,7655,682,35 17052,8628,7673,687,36 17002,8602,7664,678,34
517,322,246,31,36 514,321,246,30,37 516,320,246,30,33 515,321,246,30,36 515,321,246,30,35 516,321,246,30,34 516,321,246,30,36 515,321,246,30,38 515,321,246,30,34 515,321,246,30,36
1026,643,492,59,35 1029,645,492,60,38 1030,644,492,60,33 1028,645,492,60,38 1031,646,492,60,38 1030,646,492,60,37 1030,644,492,60,45 1029,644,492,60,35 1031,645,492,60,38 1030,644,492,60,37
631,350,299,32,34 628,348,299,30,31 629,348,299,30,36 628,348,299,30,35 629,349,299,31,36 629,349,299,31,33 631,349,299,31,35 629,348,299,30,33 630,349,299,31,33 629,348,299,30,33
1304,726,624,59,37 1302,727,624,60,48 1303,727,624,60,31 1306,728,624,60,32 1304,727,624,60,37 1304,727,624,60,35 1305,727,624,60,37 1304,727,624,60,34 1306,727,624,60,38 1305,727,624,60,35
987,519,442,51,33 987,519,442,51,38 987,518,442,51,34 987,519,442,51,32 987,519,442,51,35 987,519,442,51,33 987,518,442,51,35 986,519,442,51,33 987,519,442,51,35 987,518,442,51,35
2151,1138,988,89,35 2154,1137,988,89,35 2155,1138,988,89,36 2155,1138,988,89,36 2154,1138,988,89,38 2153,1138,988,89,36 2154,1138,988,89,32 2155,1138,988,89,36 2154,1137,988,89,33 2156,1138,988,89,37
2200,1131,1025,76,38 2200,1132,1026,76,37 2198,1131,1025,76,33 2200,1132,1026,76,35 2202,1132,1026,76,34 2201,1132,1025,76,37 2201,1132,1026,76,35 2200,1132,1025,76,32 2199,1132,1026,76,38 2200,1132,1026,76,33
3781,1944,1728,161,36 3778,1944,1728,162,30 3781,1945,1727,162,34 3781,1945,1728,162,33 3780,1945,1728,162,36 3781,1945,1728,162,37 3779,1944,1728,162,37 3778,1944,1728,162,37 3778,1945,1728,162,34 3780,1944,1728,162,37
4059,2060,1870,141,37 4057,2060,1870,141,34 4060,2062,1870,142,34 4060,2061,1870,141,38 4056,2059,1869,141,38 4057,2060,1869,141,35 4058,2060,1869,141,38 4057,2061,1870,141,35 4056,2059,1870,141,37 4054,2058,1870,141,38
8971,4562,4179,268,39 8970,4562,4180,268,35 8939,4526,4142,268,36 8920,4509,4123,268,33 8921,4510,4126,267,36 8921,4511,4126,267,33 8921,4514,4128,268,37 8922,4515,4130,267,36 8920,4515,4132,268,33 8922,4516,4134,267,33
8204,4077,3709,271,38 8249,4120,3753,270,36 8291,4161,3793,271,32 8333,4199,3834,271,35 8344,4215,3843,271,37 8341,4214,3844,271,37 8342,4216,3846,271,35 8341,4214,3842,270,35 8353,4220,3856,271,34 8349,4214,3842,271,38
17538,8863,8136,514,37 17542,8863,8136,513,39 17522,8852,8136,511,34 17524,8854,8136,511,38 17525,8855,8136,512,38 17519,8852,8136,512,36 17532,8860,8136,512,37 17525,8857,8136,513,36 17520,8850,8136,511,37 17525,8855,8136,512,37
1716,1134,1017,59,37 1713,1137,1023,59,35 1708,1135,1021,59,37 1699,1132,1018,59,38 1712,1137,1023,59,38 1703,1134,1021,59,34 1705,1135,1018,59,49 1702,1136,1023,59,32 1715,1134,1020,59,37 1704,1135,1021,59,38
3404,2268,2042,115,34 3399,2270,2046,115,37 3388,2268,2047,114,38 3385,2271,2043,114,32 3398,2266,2045,115,34 3409,2268,2046,114,35 3402,2272,2042,115,37 3402,2266,2044,115,38 3402,2268,2044,115,39 3402,2266,2043,115,39
2173,1264,1157,61,37 2170,1262,1155,61,34 2174,1263,1152,61,36 2179,1266,1161,61,36 2181,1265,1158,61,36 2175,1265,1158,61,34 2175,1264,1156,61,34 2178,1265,1162,61,39 2177,1265,1160,61,33 2182,1264,1157,61,34
4517,2633,2420,117,37 4511,2627,2411,117,36 4495,2629,2421,117,34 4514,2631,2419,116,37 4509,2632,2423,117,35 4515,2624,2409,116,37 4514,2630,2414,117,37 4506,2623,2407,117,37 4514,2631,2418,117,35 4513,2628,2417,117,38
3472,1889,1746,99,36 3472,1893,1749,99,36 3478,1894,1750,98,33 3484,1892,1747,99,37 3483,1895,1749,99,36 3487,1894,1747,99,34 3471,1888,1741,99,32 3482,1893,1749,99,31 3475,1888,1742,99,37 3474,1887,1741,99,35
7661,4172,3894,170,34 7644,4167,3891,170,35 7654,4180,3905,171,34 7655,4172,3896,171,38 7664,4177,3901,171,35 7654,4173,3897,171,32 7647,4169,3892,170,38 7656,4172,3895,170,35 7647,4175,3898,171,36 7651,4173,3900,170,36
7968,4212,3982,145,38 7959,4203,3974,144,38 7964,4201,3975,144,35 7972,4210,3983,144,35 7980,4213,3986,146,34 7978,4218,3989,145,38 7991,4221,3991,146,37 7976,4209,3980,146,52 7960,4204,3976,144,32 7956,4205,3978,144,32
13541,7146,6699,304,38 13561,7159,6715,304,37 13585,7174,6723,308,37 13581,7172,6721,307,35 13559,7157,6708,306,40 13543,7145,6699,305,34 13545,7151,6704,305,34 13549,7148,6696,308,33 13531,7142,6692,307,35 13542,7145,6701,304,38
14842,7706,7293,283,35 14837,7704,7297,280,32 14803,7683,7278,276,39 14824,7705,7300,276,38 14822,7710,7307,275,35 14806,7694,7287,277,33 14804,7689,7288,274,35 14811,7696,7295,274,37 14834,7697,7290,278,41 14839,7713,7304,281,35
32950,17122,16296,534,37 32942,17110,16274,541,38 32958,17154,16345,520,34 32975,17171,16357,522,39 33014,17189,16376,524,34 32984,17150,16336,525,34 32886,17083,16273,518,36 32907,17106,16298,519,41 32933,17132,16324,520,31 32956,17170,16347,534,34
32262,16491,15721,534,38 32288,16464,15695,526,36 32292,16545,15785,525,35 32298,16525,15766,522,39 32213,16462,15699,526,34 32257,16497,15742,517,37 32157,16433,15680,517,33 32176,16452,15699,517,34 32169,16448,15689,522,38 32271,16436,15680,520,37
67606,34338,32850,985,34 68085,34815,33333,984,38 67921,34748,33268,978,39 68049,34852,33373,977,35 68044,34824,33324,996,34 66978,33794,32303,989,33 67173,33869,32368,995,34 67270,34005,32516,988,37 67724,34473,32977,987,40 68065,34890,33398,988,34
18665,9722,17851,401,40 20840,12309,22090,441,36 19946,10517,18858,465,37 17479,8959,15769,456,31 20846,10061,16205,439,33 21815,13209,24067,443,38 19263,9856,15769,464,36 19436,10539,19099,415,37 17386,8888,15708,452,37 19183,10464,18528,435,34
41922,22218,37420,826,33 39073,22076,41262,813,38 41535,21941,35710,881,37 41842,23462,44236,873,34 39080,21908,41328,787,37 38577,19666,33333,875,37 38547,20123,35993,862,36 36121,19132,35394,811,38 46280,25668,40656,836,36 43443,25608,46604,842,35
11858,6124,16452,296,36 14286,7595,16927,314,37 12151,5973,15735,289,39 12600,5794,16587,317,35 13664,6946,15598,343,35 12038,5995,16671,330,34 11747,6006,15584,307,35 11726,6825,19198,301,37 12172,6072,15924,305,35 10743,5787,17360,353,36
23046,11895,34927,604,38 22591,11794,34666,582,41 21910,11388,33765,585,34 23911,12532,33991,720,38 23338,12466,35774,719,35 24439,13015,38828,553,36 19703,10053,33333,560,40 23738,12812,36441,698,40 27478,16404,47159,563,45 23514,12127,34755,679,38
9074,4529,19689,274,35 9577,5451,18198,322,39 8153,4104,15556,300,35 8184,4131,15581,309,40 6232,3177,15627,288,35 8148,4126,15570,317,34 8819,4352,16249,290,37 9489,4809,16783,311,37 8354,4308,15874,301,34 8134,4116,15615,290,31
14468,7444,36212,611,32 12916,6374,33248,545,34 12454,6329,33188,532,39 14773,7447,33665,517,36 16554,8802,38248,612,35 16062,8225,34566,564,34 14804,7539,33830,489,34 12419,6361,33212,544,35 14228,7233,33323,531,35 12491,6397,33204,580,33
4687,2460,16354,312,34 6648,3171,15514,296,35 6855,3184,15511,301,35 5289,2290,15537,313,38 5132,2843,18511,321,35 6419,3251,15651,297,35 4972,2260,15524,304,37 4959,2347,15524,352,37 4920,2249,15528,297,40 6353,3188,15524,305,39
10807,5542,35553,570,33 10784,5463,32993,548,36 8853,4495,33149,546,36 9273,4664,33300,579,35 10755,5486,33092,598,37 9160,4774,33450,576,35 8906,4500,33119,527,35 10519,5328,37575,596,38 9918,5590,37547,551,37 12669,6930,35515,582,37
4975,2674,18105,329,40 5352,2749,26530,316,32 6050,2540,15958,336,32 5059,2773,18203,370,35 5374,2662,16191,315,34 5649,2775,16541,328,37 6424,3824,18917,328,37 5518,2761,18401,353,38 5185,2419,15757,323,39 5395,2777,18177,341,33
8804,4139,49126,590,34 9189,4366,49244,603,38 10768,5725,55603,627,35 10319,5809,50482,608,37 10029,5041,43883,596,41 12310,7106,47924,652,35 11264,5323,48694,600,34 10960,5575,48597,654,39 8557,4523,43537,660,36 9774,4943,45448,605,34
protocol 2
138,85,40,35 136,84,40,34 135,82,40,32 135,82,40,33 135,82,40,32 135,82,40,33 134,82,40,32 133,82,40,35 135,82,40,30 134,82,40,32
273,168,80,37 272,169,80,34 272,169,80,37 273,169,80,34 271,169,80,33 273,168,80,32 270,169,80,30 274,168,80,37 271,169,80,33 273,169,80,34
136,76,60,34 136,76,60,33 135,76,60,37 135,75,60,32 135,76,60,33 136,76,60,33 136,75,60,30 136,76,60,32 135,76,60,32 136,76,60,32
273,153,120,32 271,153,120,32 272,153,120,32 271,153,120,33 272,153,120,31 271,153,120,34 271,153,120,32 271,153,120,29 270,152,120,30 271,153,120,34
192,103,84,32 192,102,84,34 192,102,84,32 193,101,84,31 192,101,84,32 193,103,84,32 192,102,84,33 192,102,84,32 193,101,84,32 192,102,84,32
371,198,162,31 372,198,162,33 370,198,162,32 370,198,162,36 370,198,162,30 371,198,162,32 371,198,162,35 371,198,162,31 370,198,162,31 371,198,162,33
279,143,120,31 279,144,120,30 279,144,120,31 279,144,120,36 279,144,120,30 278,144,120,32 279,144,120,32 279,144,120,32 279,144,120,32 280,144,120,31
559,289,240,36 558,288,240,33 557,288,240,30 558,288,240,32 558,288,240,32 558,288,240,33 558,288,240,31 558,289,240,33 557,287,240,32 558,288,240,31
459,233,208,30 459,234,208,35 459,233,208,33 459,234,208,31 459,234,208,32 458,233,208,32 459,233,208,31 459,233,208,35 458,233,208,32 458,234,208,33
917,468,416,30 918,468,416,33 917,468,416,32 918,468,416,32 918,468,416,32 917,468,416,33 917,467,416,32 918,468,416,33 917,468,416,32 917,468,416,36
830,419,378,31 830,420,378,30 830,419,378,34 831,420,378,32 831,420,378,32 830,420,378,31 830,419,378,32 830,420,378,32 830,420,378,33 830,420,378,32
1661,840,756,31 1662,842,756,34 1659,841,756,32 1661,840,756,32 1661,841,756,34 1661,839,756,34 1661,839,756,32 1660,839,756,34 1660,839,755,31 1661,841,756,32
546,343,244,32 548,344,243,34 550,346,244,32 550,344,243,34 548,343,244,39 548,342,243,35 548,343,242,32 549,342,242,39 544,342,243,35 543,341,243,38
1090,687,486,37 1097,691,489,53 1095,684,484,37 1097,687,485,34 1088,686,483,38 1088,690,488,31 1097,688,490,34 1103,686,485,37 1106,690,489,51 1098,687,485,33
558,319,253,34 561,316,251,33 557,317,254,36 548,315,250,37 556,315,249,32 554,315,252,31 554,312,247,33 547,311,246,33 552,313,248,33 561,314,247,37
1105,628,496,37 1115,630,494,32 1105,629,492,34 1112,633,497,36 1102,630,493,35 1109,630,494,35 1112,630,493,34 1107,628,491,39 1107,634,497,35 1117,636,501,33
793,429,367,33 776,416,356,32 789,426,367,31 791,427,368,34 794,427,366,32 782,420,361,38 785,421,362,31 774,415,355,33 779,416,356,33 782,419,358,32
1520,821,703,33 1512,805,685,38 1498,801,681,37 1502,807,689,39 1509,812,694,31 1505,809,689,37 1501,809,688,32 1509,817,697,33 1521,825,705,33 1502,807,688,38
1121,580,510,34 1118,579,510,31 1117,579,510,30 1120,579,510,34 1121,579,510,32 1118,579,510,33 1120,580,510,33 1119,580,510,38 1118,579,510,33 1117,579,510,33
2243,1164,1022,37 2246,1165,1020,31 2241,1165,1020,34 2241,1164,1020,37 2240,1163,1020,36 2254,1167,1021,37 2244,1165,1020,36 2254,1174,1028,36 2243,1164,1020,37 2245,1168,1024,38
1844,942,833,39 1843,941,837,35 1846,943,839,33 1850,946,838,33 1848,945,840,32 1846,941,833,34 1849,945,840,33 1854,951,844,37 1846,943,836,33 1852,946,840,37
3705,1895,1679,33 3708,1903,1680,35 3708,1905,1682,35 3692,1889,1665,32 3701,1898,1675,31 3702,1889,1664,33 3704,1892,1671,38 3707,1897,1679,34 3699,1890,1668,33 3699,1894,1679,36
3371,1714,1505,33 3361,1707,1505,39 3361,1706,1505,37 3363,1707,1505,31 3359,1707,1504,32 3360,1704,1502,35 3357,1704,1502,37 3381,1716,1505,33 3393,1716,1505,33 3368,1709,1505,37
6752,3435,3010,37 6726,3418,3005,38 6733,3424,3011,38 6747,3434,3011,40 6746,3434,3010,38 6750,3426,3008,32 6751,3426,3008,32 6776,3444,3011,37 6780,3443,3011,34 6728,3421,3006,36
501,315,240,34 498,314,240,36 496,314,240,33 498,314,240,33 498,314,240,32 498,314,240,33 498,314,240,32 496,314,240,36 497,314,240,32 498,314,240,37
997,631,480,33 1000,633,480,35 1001,633,480,32 1000,633,480,40 1000,633,480,37 1001,633,480,38 1000,633,480,38 999,634,480,37 1001,633,480,36 1002,632,480,35
532,298,260,38 530,297,260,40 530,297,260,32 530,297,260,33 530,297,260,34 530,297,260,33 530,297,260,34 530,297,260,37 530,297,260,32 530,297,260,31
1061,598,520,30 1063,598,520,33 1063,598,520,33 1064,600,520,33 1062,599,520,31 1062,598,520,33 1062,598,520,34 1061,597,520,33 1061,598,520,33 1062,599,520,35
777,412,378,36 777,413,378,34 776,412,378,32 776,412,378,35 776,412,377,37 777,413,378,30 777,412,378,29 776,412,378,36 776,413,378,33 776,412,378,37
1500,798,729,31 1501,798,729,34 1500,798,729,36 1501,799,729,36 1501,798,728,32 1500,798,729,31 1499,797,729,31 1500,797,729,40 1499,797,729,33 1500,798,729,32
1149,593,548,32 1147,592,547,38 1146,591,545,31 1145,590,543,33 1145,590,543,30 1146,590,541,37 1146,591,549,32 1148,592,549,33 1146,591,545,32 1146,592,545,35
2294,1185,1084,31 2294,1185,1085,35 2293,1186,1083,35 2293,1186,1083,35 2293,1185,1084,34 2294,1185,1085,34 2296,1187,1091,30 2296,1187,1088,33 2297,1188,1092,30 2294,1186,1084,34
1900,969,897,32 1901,967,897,35 1899,966,896,30 1897,965,896,36 1899,966,897,32 1898,966,897,38 1897,966,896,33 1901,968,898,36 1900,967,896,32 1899,967,896,32
3803,1940,1794,31 3800,1938,1792,30 3806,1936,1793,33 3800,1937,1792,33 3798,1934,1792,33 3799,1937,1792,33 3798,1936,1792,32 3798,1937,1792,32 3797,1936,1792,32 3809,1941,1794,33
3509,1775,1655,34 3507,1774,1656,46 3507,1774,1655,34 3501,1771,1655,31 3501,1771,1654,36 3502,1770,1653,30 3501,1770,1653,30 3505,1773,1655,33 3502,1771,1654,36 3509,1774,1655,37
7022,3554,3311,38 7027,3557,3314,35 7024,3555,3313,34 7027,3557,3315,38 7028,3558,3315,34 7016,3549,3308,34 7011,3549,3308,34 7019,3553,3316,34 7022,3554,3312,35 7028,3556,3312,33
1703,1138,1011,33 1708,1154,1026,37 1697,1128,998,34 1679,1124,991,30 1687,1138,1008,31 1696,1127,998,33 1687,1125,994,39 1696,1138,1010,34 1691,1131,999,34 1693,1121,991,34
3395,2254,1994,29 3362,2253,1995,37 3402,2255,1997,40 3421,2286,2022,34 3377,2261,1999,38 3373,2258,1998,34 3340,2233,1972,37 3358,2252,1990,37 3367,2254,1993,38 3365,2236,1975,35
1865,1075,987,39 1863,1076,989,38 1865,1076,991,32 1869,1078,992,30 1861,1076,990,37 1867,1078,995,38 1859,1079,993,38 1864,1077,991,33 1857,1081,994,36 1860,1075,985,38
3731,2154,1974,37 3717,2153,1971,38 3727,2157,1981,38 3715,2152,1974,34 3729,2156,1980,34 3729,2155,1977,35 3721,2152,1974,37 3720,2151,1971,37 3713,2153,1976,33 3715,2154,1979,37
2798,1511,1414,34 2797,1511,1413,32 2801,1511,1413,33 2796,1511,1413,36 2794,1510,1414,32 2792,1507,1412,36 2792,1507,1412,35 2791,1508,1412,34 2796,1509,1413,35 2805,1511,1413,39
5382,2908,2723,35 5391,2909,2724,33 5400,2912,2726,32 5404,2912,2725,34 5381,2910,2726,32 5387,2913,2726,34 5383,2911,2727,36 5389,2916,2728,34 5380,2910,2726,36 5381,2913,2724,34
4216,2202,2076,34 4211,2190,2068,39 4212,2198,2070,36 4219,2202,2074,38 4203,2195,2070,40 4201,2191,2068,38 4199,2183,2062,40 4200,2188,2063,36 4165,2150,2025,35 4214,2199,2075,33
8421,4392,4141,36 8358,4338,4093,38 8391,4372,4126,35 8411,4396,4149,34 8402,4385,4142,38 8406,4390,4145,35 8415,4392,4143,37 8422,4412,4163,33 8408,4396,4147,33 8428,4402,4151,32
7270,3724,3532,37 7275,3733,3538,35 7267,3725,3531,35 7266,3723,3529,37 7273,3728,3532,34 7273,3728,3531,40 7260,3715,3520,35 7272,3726,3532,35 7274,3720,3523,44 7286,3729,3529,36
14557,7456,7060,34 14530,7432,7038,37 14524,7450,7060,39 14517,7440,7052,39 14526,7449,7057,39 14522,7445,7057,40 14530,7453,7061,32 14540,7464,7069,38 14441,7351,6954,34 14421,7333,6938,36
20563,10452,10072,37 20583,10478,10096,34 20605,10439,10057,38 19284,9190,8816,39 20542,10449,10073,35 20564,10427,10052,35 20552,10444,10069,35 20542,10428,10050,37 20598,10492,10112,35 20617,10490,10107,39
40988,20946,20178,36 40319,20298,19533,38 39599,19586,18831,40 39616,19627,18875,40 39376,19383,18626,40 39303,19259,18501,39 39129,19077,18320,39 39045,18972,18220,35 38920,18889,18141,46 38948,18885,18126,36
11879,6025,10117,37 10783,4907,8959,34 11886,6021,10055,35 12979,6060,10064,37 11196,5406,9463,36 11925,6030,10072,33 11883,6063,10101,34 11922,6009,10071,35 12992,7061,12083,35 11850,6040,10052,35
20898,10665,20240,34 21297,10602,20153,39 20800,10599,20210,38 20925,10647,20226,36 22100,10639,20191,36 21337,10670,20270,38 21314,10743,20426,39 21076,10650,20237,33 22833,11542,22038,36 22120,10702,20180,33
6060,3054,10043,37 6273,3270,10458,34 6092,3095,10061,35 6050,3064,10051,39 7397,4373,12713,38 7211,4224,12327,39 6995,3950,11842,37 6078,3082,10045,34 8241,4521,12957,34 6062,3074,10109,33
12255,6133,20160,34 12133,6107,20094,38 13452,7513,22932,38 12290,6123,20137,36 12182,6139,20159,38 13601,6123,19702,38 12101,6138,20146,33 13002,6897,21669,35 12085,6169,18907,37 12056,6085,20121,35
3186,1608,10089,35 3165,1583,10056,33 3165,1594,10094,39 3194,1600,10064,39 3186,1598,10053,35 3550,1978,10847,37 4424,1606,10088,38 3188,1613,10058,40 3183,1588,10067,35 4335,1595,10035,38
6331,3193,20247,35 6399,3256,20295,41 6384,3249,20265,37 6468,3328,20271,38 7088,3192,20138,38 6370,3229,20696,39 7813,4634,23134,36 6358,3193,20098,38 6437,3246,20247,38 7569,4436,22644,39
3171,1592,10062,37 4981,2781,12397,39 5320,2537,11916,37 3154,1579,10080,35 4522,2938,13309,40 3157,1582,10060,34 4504,2903,12643,34 4263,1582,10059,39 3146,1575,10051,40 5481,2642,12521,34
4731,1711,20153,38 6042,2865,22243,37 4879,1706,20150,37 5007,3258,25898,38 4891,1757,20196,36 3482,1741,20167,35 4469,1714,20079,39 4118,1748,20166,38 5060,1743,20180,39 5359,2258,21191,34
5753,2820,12475,35 5543,2541,11636,36 4214,2637,13946,35 3168,1593,10079,39 4548,1591,9984,36 5774,2909,13928,34 4549,2958,15297,34 4587,1813,10499,37 5705,2807,12495,40 3687,1601,10073,35
5572,2416,21464,34 6419,3197,23046,34 4770,2562,23034,38 4891,3161,22932,38 6282,3217,23040,39 5085,2152,21811,38 6227,3110,25695,33 5384,2440,21600,38 5512,3208,25488,38 6155,3152,25597,34
2018/09/18 11:41:36.508632176
