commit 428255932ea6ef6449df2a4fe9caab28bdce564e
2018/09/18 11:58:25.040724661
protocol 1
77,43,0,14,35 73,41,0,13,36 73,40,0,12,32 73,40,0,12,34 72,40,0,12,32 73,40,0,12,35 73,40,0,12,33 73,40,0,12,33 72,40,0,12,33 73,40,0,12,31
146,83,0,25,37 146,82,0,25,34 147,82,0,25,34 147,83,0,25,36 146,83,0,25,34 145,82,0,25,36 145,83,0,25,32 146,82,0,25,34 146,83,0,25,33 146,83,0,25,32
78,40,23,12,36 77,40,23,12,33 79,40,23,12,30 77,40,23,12,32 77,40,23,12,32 76,40,23,12,32 79,40,23,12,32 77,40,23,12,35 76,40,23,12,33 77,40,23,12,32
160,85,48,24,31 156,84,48,24,32 157,84,48,24,32 157,84,48,24,32 156,84,48,24,32 157,84,48,24,34 156,84,48,24,33 157,84,48,24,33 156,84,48,24,31 156,84,48,24,35
117,59,34,18,30 117,58,34,18,34 117,58,34,18,33 117,58,34,18,32 116,58,34,18,30 117,58,34,18,37 117,58,34,18,32 116,58,34,18,33 117,58,34,18,43 117,58,34,18,34
241,124,76,32,32 243,124,76,32,32 242,124,76,32,31 242,124,76,32,34 242,124,76,32,33 242,124,76,32,34 241,123,76,32,31 242,124,76,32,33 241,124,76,32,30 242,124,76,32,33
228,114,76,26,33 226,114,76,26,34 226,114,76,26,32 226,114,76,26,33 227,114,76,26,31 226,114,76,26,31 227,114,76,26,34 226,114,76,26,33 226,114,76,26,33 227,114,76,26,33
408,205,128,56,31 408,205,128,56,32 408,206,128,57,33 409,205,128,56,37 409,205,128,56,36 408,205,128,56,36 408,205,128,56,37 407,205,128,56,33 407,205,128,56,37 409,205,128,56,34
412,206,136,50,33 412,206,136,50,39 417,211,136,53,30 411,205,136,49,34 411,205,136,49,33 411,205,136,49,33 411,205,136,49,32 411,205,136,49,34 411,205,136,49,33 412,206,136,50,33
887,447,304,95,35 891,448,304,96,33 890,449,304,97,33 890,448,304,96,32 889,448,304,96,32 890,447,304,96,33 889,447,304,96,32 889,448,304,96,36 890,448,304,96,32 890,448,304,96,38
856,429,302,95,31 857,430,305,95,32 856,429,301,94,33 856,428,299,94,33 854,428,301,94,34 855,429,301,95,34 856,429,299,94,37 856,430,304,95,38 856,429,302,94,32 857,429,299,95,33
1774,892,646,180,38 1772,890,645,180,35 1776,891,645,180,33 1775,889,638,180,33 1771,889,643,180,31 1777,893,647,181,34 1774,892,646,181,31 1773,893,645,181,37 1771,892,645,181,33 1777,894,648,181,33
296,168,82,51,33 300,167,82,51,33 294,168,82,51,45 294,168,82,51,34 294,167,82,51,31 292,168,82,51,33 297,168,82,51,33 298,167,82,51,32 297,167,82,51,36 296,167,82,51,34
593,337,165,100,32 583,334,164,100,33 589,334,164,100,33 590,333,164,100,33 590,334,164,100,33 592,334,164,100,33 592,333,164,100,34 588,334,164,100,33 587,335,165,100,33 588,333,164,100,34
308,163,92,49,31 307,162,92,48,34 308,162,92,48,44 307,162,92,48,36 304,162,92,48,36 308,162,92,48,38 304,162,92,48,30 303,162,92,48,33 307,162,92,48,32 305,162,92,48,32
622,335,193,93,33 630,337,194,94,34 625,336,192,94,32 624,338,194,94,32 625,334,192,94,32 627,335,193,94,38 624,334,192,94,33 623,336,193,94,35 620,337,194,94,32 628,336,193,94,32
453,231,136,73,34 452,230,136,72,38 450,231,136,72,36 449,230,136,72,32 448,230,136,72,31 449,230,136,72,32 448,230,136,72,31 451,231,136,73,35 452,230,136,72,33 451,231,136,73,34
930,484,304,126,36 928,482,304,126,39 925,482,304,126,31 933,486,307,125,36 933,482,304,126,32 933,484,304,126,36 929,484,304,126,33 930,483,304,127,33 929,484,304,127,33 931,485,304,127,36
887,452,304,100,32 888,450,304,99,35 885,452,304,99,32 886,450,304,99,34 886,451,304,99,32 887,453,304,100,34 887,451,304,99,32 887,453,304,100,36 889,454,307,100,32 892,456,308,100,34
1589,808,512,211,33 1588,806,512,212,46 1585,804,512,211,32 1589,808,512,212,38 1593,812,516,211,38 1591,806,512,212,33 1594,812,515,212,31 1589,808,512,212,33 1595,814,520,212,33 1595,808,512,211,33
1648,828,578,180,33 1646,825,578,179,34 1644,827,578,180,34 1651,828,579,180,33 1647,825,578,180,35 1647,827,579,180,33 1645,826,578,180,33 1648,827,581,179,35 1647,826,579,180,32 1655,834,586,180,34
3549,1787,1292,340,32 3554,1787,1292,340,35 3553,1790,1292,340,32 3569,1796,1292,341,35 3566,1796,1292,340,33 3558,1791,1292,340,36 3554,1787,1292,341,34 3558,1790,1292,341,33 3560,1788,1292,341,33 3550,1791,1293,339,33
3353,1679,1194,356,34 3360,1686,1207,356,33 3358,1683,1200,358,33 3398,1703,1219,359,34 3383,1681,1191,361,33 3364,1685,1201,358,33 3365,1678,1190,358,33 3359,1680,1196,357,35 3354,1679,1193,357,33 3361,1682,1202,356,33
6998,3486,2543,674,32 7008,3513,2569,684,34 6999,3499,2559,681,36 7056,3589,2647,676,32 7053,3562,2622,677,31 6934,3483,2537,675,36 6982,3523,2575,680,33 6959,3499,2557,673,36 6949,3493,2542,678,34 6973,3502,2560,682,34
254,142,82,31,33 254,141,82,30,34 253,141,82,30,33 252,141,82,30,34 252,141,82,30,37 252,141,82,30,33 250,141,82,30,31 253,141,82,30,41 251,141,82,30,33 252,141,82,30,34
506,283,164,59,34 505,284,164,60,33 500,284,164,60,32 509,284,164,60,34 503,284,164,60,37 507,284,164,60,33 507,284,164,60,34 504,283,164,59,36 505,283,164,59,33 508,284,164,60,32
296,147,92,31,33 291,145,92,30,32 292,145,92,30,31 294,146,92,30,38 294,145,92,30,33 293,145,92,30,34 293,145,92,30,30 292,145,92,30,32 293,145,92,30,31 294,146,92,30,33
603,303,192,59,32 603,303,192,59,32 606,303,192,59,35 604,304,192,60,33 602,303,192,59,33 603,304,192,60,31 603,304,192,60,31 608,303,192,59,34 604,304,192,60,33 605,304,192,60,33
465,219,153,51,33 462,218,153,50,32 462,218,153,50,32 463,218,153,50,34 464,218,153,50,44 463,218,153,50,34 463,218,153,50,33 464,218,153,50,34 463,218,153,50,35 464,218,153,50,31
983,467,342,88,33 984,466,342,88,34 986,467,342,88,33 986,467,342,88,36 983,467,342,88,33 984,467,342,89,32 983,468,342,89,36 987,468,342,89,38 983,468,342,89,33 983,467,342,88,33
998,460,342,76,33 996,459,342,75,33 999,461,342,76,34 999,461,342,76,33 997,461,342,76,31 997,461,342,76,32 996,459,342,75,31 998,460,343,76,34 997,460,343,76,36 998,460,345,75,35
1750,810,576,160,34 1752,812,577,161,31 1753,812,576,161,33 1750,811,576,161,33 1751,811,576,161,33 1755,812,577,161,37 1754,813,577,162,34 1753,811,576,161,34 1752,812,577,161,33 1750,812,576,161,38
1851,845,646,141,33 1853,846,646,141,36 1853,846,647,141,33 1856,846,646,141,36 1854,845,646,141,31 1857,847,647,141,33 1860,847,648,141,31 1856,846,646,141,34 1921,912,646,196,32 1853,845,646,141,34
4045,1847,1445,267,35 4054,1849,1445,267,33 4054,1846,1446,267,41 4048,1844,1444,267,33 4049,1847,1447,268,34 4045,1845,1445,267,35 4043,1845,1445,267,33 4045,1846,1446,267,34 4045,1846,1444,267,35 4050,1847,1446,267,34
3807,1727,1360,271,33 3810,1728,1360,271,33 3812,1727,1360,271,32 3809,1728,1360,271,36 3805,1723,1360,271,34 3813,1729,1361,271,36 3809,1724,1360,271,33 3801,1723,1360,270,36 3798,1723,1360,271,33 3807,1726,1360,270,31
7931,3590,2880,512,33 7939,3598,2880,512,33 7944,3599,2880,512,33 7934,3593,2880,513,34 7925,3591,2880,512,32 7925,3596,2879,515,35 7919,3591,2880,512,34 7925,3590,2880,512,36 7921,3590,2880,511,33 7926,3593,2880,513,35
1018,651,531,66,33 1011,642,517,66,34 1010,646,527,66,33 1008,645,522,66,33 1018,646,525,66,31 1015,643,522,66,35 1003,644,521,66,35 1005,638,503,66,31 1009,638,503,67,33 1007,636,497,67,34
1996,1267,990,129,33 1993,1270,996,128,33 1988,1269,998,128,43 1996,1271,998,128,33 1995,1272,997,128,37 1995,1270,993,128,35 2016,1287,1049,128,32 2014,1292,1057,128,39 2018,1290,1051,128,33 1993,1272,1001,128,37
1244,700,593,64,38 1238,696,589,64,54 1247,699,594,64,32 1251,706,601,64,34 1253,707,600,63,37 1238,694,588,63,33 1240,701,598,63,32 1241,700,595,64,39 1245,698,592,64,36 1249,708,602,64,40
2569,1457,1249,121,32 2571,1461,1254,121,35 2573,1467,1259,122,33 2551,1454,1242,121,33 2550,1451,1238,122,36 2558,1456,1249,121,35 2562,1459,1252,121,34 2561,1460,1251,121,36 2555,1457,1248,121,34 2568,1458,1249,122,33
1976,1052,910,97,38 1971,1044,903,97,35 1958,1034,892,97,34 1961,1045,905,96,36 1963,1043,904,96,35 1979,1050,909,96,37 1955,1035,893,96,37 1971,1046,906,96,34 1969,1044,903,97,32 1967,1050,907,97,34
4250,2273,2004,167,32 4272,2280,2012,167,37 4270,2279,2009,167,33 4283,2288,2018,167,33 4279,2286,2020,167,33 4268,2274,2005,167,35 4268,2276,2011,167,37 4262,2277,2013,167,39 4261,2276,2008,167,33 4254,2253,1982,167,31
4432,2284,2070,137,34 4395,2265,2053,136,33 4391,2261,2049,136,34 4404,2265,2053,134,34 4394,2259,2045,135,33 4384,2260,2048,135,33 4377,2253,2040,135,31 4409,2275,2060,136,40 4388,2255,2041,137,40 4400,2259,2046,136,35
7594,3875,3457,288,32 7560,3854,3436,284,40 7522,3852,3437,284,35 7522,3872,3452,288,34 7554,3860,3443,285,37 7643,3876,3455,288,32 7533,3862,3443,286,38 7647,3860,3438,288,38 7560,3878,3462,287,33 7521,3868,3450,287,33
8453,4259,3879,264,34 8399,4256,3873,266,37 8401,4259,3873,265,34 8359,4257,3880,259,37 8346,4255,3875,259,33 8387,4264,3886,259,34 8391,4271,3895,259,33 8430,4294,3913,264,39 8390,4263,3880,263,32 8430,4316,3936,260,38
18431,9404,8647,491,35 18492,9471,8705,496,33 18467,9392,8637,489,36 18452,9453,8696,490,34 18485,9436,8668,498,33 18555,9527,8763,497,35 18586,9449,8681,500,37 18588,9485,8715,500,34 18457,9405,8652,490,35 18482,9473,8714,489,39
17454,8784,8086,479,34 17492,8857,8168,474,38 17557,8888,8193,477,33 17467,8813,8119,477,36 17528,8897,8205,475,33 17503,8863,8169,475,35 17519,8865,8174,474,36 17522,8869,8173,478,41 17519,8870,8176,474,46 17505,8843,8153,473,32
36890,18671,17316,895,34 36740,18503,17149,893,35 36844,18615,17258,897,35 36761,18643,17290,894,70 36770,18606,17239,905,39 36818,18605,17229,910,35 36631,18534,17169,900,36 36807,18714,17338,912,37 36740,18617,17258,895,35 36631,18484,17093,921,39
1204,772,656,59,39 1203,773,658,59,36 1202,772,656,59,34 1205,773,656,59,35 1208,772,656,59,35 1197,772,656,59,35 1205,770,656,59,34 1200,771,656,59,33 1214,772,656,59,36 1208,772,656,59,35
2394,1539,1312,114,35 2384,1540,1312,114,36 2394,1547,1312,115,32 2400,1546,1312,115,35 2405,1547,1312,115,35 2398,1542,1313,115,35 2385,1539,1312,115,34 2393,1542,1315,114,35 2393,1544,1312,115,41 2422,1547,1312,115,36
1524,858,758,61,38 1522,856,756,61,37 1524,858,758,61,31 1513,854,753,61,36 1514,855,754,61,39 1523,857,756,61,38 1522,856,755,61,35 1523,862,762,61,33 1514,855,755,61,34 1517,854,750,61,33
3139,1767,1546,117,35 3136,1773,1563,117,35 3153,1778,1578,117,40 3145,1773,1567,117,37 3136,1774,1571,116,34 3129,1765,1544,116,32 3140,1771,1567,116,33 3137,1773,1571,116,34 3137,1771,1563,117,39 3145,1769,1557,117,32
2451,1309,1161,99,32 2436,1303,1157,99,36 2419,1281,1136,98,34 2414,1279,1135,99,33 2419,1282,1137,98,37 2420,1274,1128,98,33 2446,1280,1136,99,36 2425,1282,1138,99,37 2417,1274,1126,99,34 2410,1281,1139,99,35
5272,2803,2528,170,39 5319,2805,2527,171,36 5258,2800,2525,170,35 5265,2803,2527,170,33 5281,2805,2532,170,34 5269,2800,2526,170,34 5280,2808,2536,170,33 5266,2802,2523,170,35 5292,2811,2534,171,37 5285,2802,2527,171,38
5467,2827,2600,146,38 5470,2825,2597,145,35 5471,2825,2598,144,36 5459,2810,2584,144,34 5485,2819,2593,144,35 5457,2815,2586,145,40 5470,2817,2588,145,35 5475,2824,2596,145,33 5496,2828,2600,146,36 5492,2828,2601,145,37
9337,4799,4353,304,35 9312,4801,4351,305,34 9346,4816,4372,305,36 9330,4808,4357,306,31 9326,4810,4362,305,35 9322,4809,4360,305,37 9411,4821,4373,309,36 9363,4816,4361,308,36 9347,4811,4363,305,42 9346,4812,4363,305,35
10251,5205,4801,274,41 10242,5199,4791,278,36 10301,5218,4811,279,37 10269,5205,4793,282,38 10259,5210,4804,278,38 10275,5222,4814,278,34 10295,5224,4817,278,34 10285,5222,4815,278,36 10252,5204,4796,276,35 10256,5206,4799,276,35
22696,11552,10730,527,36 22686,11541,10734,520,38 22664,11517,10706,518,36 22645,11503,10698,519,33 22698,11529,10713,527,35 22745,11580,10765,526,36 22981,11793,10979,529,40 22767,11588,10772,530,35 22692,11555,10733,533,33 22701,11568,10761,518,37
21194,10693,9939,518,36 21249,10705,9950,519,38 21246,10716,9958,522,34 21259,10714,9953,523,35 21191,10694,9938,520,36 21221,10705,9950,520,33 21187,10687,9930,519,36 21191,10697,9942,519,34 21188,10684,9928,517,35 21161,10655,9905,517,39
44649,22483,20996,986,38 44703,22538,21050,986,39 44773,22557,21068,990,36 44832,22588,21091,993,36 44618,22501,21023,980,37 44595,22486,20998,982,37 44682,22538,21055,978,35 44664,22519,21041,978,34 44536,22396,20918,976,34 44606,22496,21016,978,34
16093,9313,16095,454,38 12917,6490,9982,469,51 14793,7824,11611,459,34 14132,7039,9952,445,36 14264,6974,11413,444,34 14062,6874,12267,492,36 12610,6756,11800,486,34 14373,7988,12826,514,36 13851,6854,9792,446,36 14058,7101,9961,501,34
30901,16298,26794,859,39 25843,12292,21173,845,37 29445,14750,21243,856,39 27741,15879,28957,966,35 24521,12241,21129,824,34 32616,17940,27457,829,39 31072,16263,24248,810,39 29601,17256,31095,841,36 28776,14814,25736,850,37 26827,13561,21202,900,34
9099,4556,9984,302,38 9292,4063,10270,363,33 8887,4525,10449,308,36 9140,4658,10797,314,38 7015,3608,10146,309,41 8308,4217,10460,307,36 8845,3982,10497,334,38 10071,5322,11568,308,37 8347,3956,9965,299,33 7331,3522,10281,312,37
15935,7883,21319,657,37 16634,8521,22140,642,37 17352,8712,21460,651,37 15765,8621,25396,732,37 14622,7984,23651,572,39 15828,8463,24243,545,36 17429,8957,24033,555,37 14089,6906,21269,721,34 17072,9214,24603,551,33 13347,6739,21476,598,39
6260,3144,10778,287,41 6958,3600,10536,284,34 7011,3402,10085,290,35 4425,2173,10017,269,45 4428,2203,9999,298,33 6817,3463,10174,273,43 5592,2785,9964,287,36 5682,2903,10167,317,41 6077,2771,9965,291,34 5717,2919,10235,301,38
10159,4919,21049,556,37 8921,4605,21816,495,42 9069,4376,21424,493,38 9263,4541,21657,508,34 10577,5312,21941,537,34 9774,4909,21694,500,35 12677,6270,22197,554,43 11172,4512,21801,602,38 10954,4955,21349,495,37 8600,4298,21335,503,35
4611,2213,10137,307,38 3481,1770,11398,311,40 4503,2236,10170,319,37 3690,1789,10588,326,36 3366,1636,10068,305,38 4479,2210,10168,295,39 4234,1634,10141,311,37 3454,1622,10140,314,37 3496,1804,10531,301,38 3574,1587,10119,283,35
8623,4325,23910,627,35 7760,4350,28378,584,37 7879,3152,21360,535,32 6439,3223,21329,578,34 6678,3491,21995,523,37 6478,3166,21294,532,38 8898,4505,21570,549,35 6601,3397,23151,554,42 7874,3745,21174,563,36 7216,3147,21356,538,35
4091,1654,10226,324,37 3818,1788,11279,310,38 4511,1972,10806,325,36 3888,2185,11198,323,40 3604,1650,10097,329,38 3793,1805,13063,304,39 3550,1679,10142,346,39 3320,1630,10059,324,38 4372,2449,11676,374,35 3322,1627,10003,331,34
7145,4082,27998,592,34 7133,3734,31660,646,39 6154,3296,32274,607,35 5881,2834,31039,578,37 7230,4339,35397,627,34 7293,4471,34738,663,37 5677,2866,28771,583,31 6575,3403,32972,600,34 6291,3125,31047,668,34 5709,2908,33943,598,37
protocol 2
72,40,0,36 70,38,0,32 69,37,0,33 68,37,0,36 69,37,0,31 67,37,0,33 68,38,0,33 69,37,0,33 70,37,0,32 69,37,0,37
137,79,0,32 138,79,0,32 140,78,0,32 139,78,0,31 139,79,0,35 138,79,0,38 138,79,0,36 139,79,0,37 137,79,0,37 138,79,0,33
60,32,1,35 60,32,1,34 60,32,2,31 59,32,1,31 60,32,2,35 59,32,3,32 59,32,2,33 60,31,1,32 59,32,1,30 58,31,1,30
120,65,3,29 119,65,4,32 119,65,5,37 118,63,2,33 119,64,2,33 118,63,1,32 118,65,3,32 119,65,3,33 118,63,1,33 118,64,3,32
79,40,18,30 79,40,19,31 79,40,18,34 79,40,17,32 79,40,18,32 79,40,19,32 79,40,19,33 79,40,18,31 79,40,19,36 80,40,17,34
153,79,34,89 152,79,35,32 152,79,33,31 152,79,32,31 152,79,34,32 152,79,35,30 151,79,32,31 152,79,35,33 152,79,31,29 151,79,31,32
113,57,40,31 112,56,40,36 114,57,40,32 113,57,40,31 113,57,40,34 113,57,40,30 112,57,40,32 113,57,40,31 113,57,40,30 113,57,40,36
227,115,80,32 225,115,80,31 226,115,80,32 225,115,80,32 226,115,80,36 226,115,80,35 226,115,80,33 225,115,80,32 227,115,80,35 226,115,80,31
186,94,64,31 185,93,64,31 185,93,64,30 185,92,64,31 186,94,64,30 186,93,64,31 185,93,64,35 185,92,64,39 186,93,64,29 186,93,64,30
372,189,128,31 370,187,128,31 372,187,128,33 372,187,128,32 371,188,128,31 371,188,128,31 371,187,128,34 371,188,128,32 371,187,128,28 371,187,128,31
337,168,126,33 337,168,126,31 338,168,126,32 337,168,126,31 338,168,126,32 337,168,126,30 337,168,126,30 337,168,126,31 337,168,126,31 337,168,126,33
677,339,252,31 675,338,252,32 675,338,252,38 675,337,252,30 674,337,252,32 674,338,252,32 674,338,252,32 675,337,252,32 675,338,252,32 674,338,252,31
287,169,81,32 289,172,82,36 291,171,81,33 288,173,82,30 297,171,80,37 300,170,80,32 295,168,80,36 296,170,81,34 292,169,80,35 294,171,80,34
587,342,161,38 595,344,162,36 588,344,163,34 574,344,162,33 587,339,161,39 587,344,162,36 580,342,162,38 581,341,160,35 591,342,160,38 583,341,160,37
260,144,85,34 255,142,84,36 249,136,80,37 250,140,82,35 251,139,83,34 250,139,82,31 252,138,82,34 255,140,83,36 253,140,84,33 251,139,82,33
507,281,167,35 515,287,170,37 502,281,162,35 503,280,163,35 503,283,166,32 505,279,163,32 510,279,164,39 503,281,166,34 515,288,167,33 514,290,170,38
333,175,118,35 332,177,121,32 333,180,122,38 325,174,117,34 335,178,122,31 333,174,117,37 335,177,120,34 332,174,118,33 336,178,121,34 331,172,117,34
647,346,232,34 637,334,221,32 644,348,233,38 639,341,225,35 647,348,229,35 645,350,231,34 643,341,228,35 645,349,233,43 641,346,231,48 643,345,229,31
455,232,160,34 454,232,160,36 454,232,160,33 454,232,161,32 453,233,160,33 452,232,160,42 454,234,161,32 452,232,160,32 453,234,160,33 460,241,169,30
910,469,322,32 911,470,321,34 909,469,321,33 916,473,324,33 915,476,326,34 916,469,320,34 915,470,320,33 912,471,322,33 913,469,321,33 910,469,320,31
744,379,272,32 749,379,274,34 739,376,272,32 741,376,272,35 744,379,273,33 744,378,272,37 743,376,272,31 745,379,272,36 747,378,273,32 743,376,272,31
1498,756,544,46 1490,758,545,33 1494,762,547,37 1504,764,544,33 1500,763,545,39 1505,768,547,36 1491,759,544,32 1512,776,556,34 1505,765,544,32 1522,783,563,32
1404,713,501,34 1382,699,497,32 1385,697,497,31 1380,698,497,37 1385,700,498,34 1391,701,497,32 1397,708,498,35 1406,710,499,37 1405,710,499,33 1384,698,498,34
2771,1402,995,35 2780,1410,995,40 2783,1413,996,32 2794,1416,998,35 2792,1411,994,35 2819,1427,999,35 2817,1426,998,38 2776,1405,994,34 2773,1401,994,33 2780,1409,996,38
231,139,81,32 227,138,80,34 227,137,80,32 228,137,80,33 228,137,80,33 227,137,80,40 230,137,80,39 227,137,80,33 228,137,80,36 230,137,80,34
461,278,160,30 460,278,160,34 461,278,160,32 465,280,160,34 464,280,160,34 464,280,160,38 464,279,160,37 460,279,160,34 462,278,160,38 464,278,160,34
220,121,80,33 218,120,80,34 218,120,80,32 217,120,80,34 217,120,80,32 217,120,80,33 217,120,80,35 217,120,80,36 217,120,80,32 217,120,80,36
436,244,160,45 437,244,160,36 438,244,160,35 437,244,160,32 435,244,160,33 436,244,160,37 438,244,160,36 437,244,160,32 437,244,160,32 437,245,160,39
312,166,126,34 311,166,126,32 311,166,126,33 311,166,126,32 310,166,126,32 312,165,126,36 311,165,126,31 311,165,126,33 311,165,126,31 312,165,126,32
602,321,243,34 602,322,243,38 602,322,243,32 603,322,243,33 601,321,243,33 602,321,243,35 602,322,243,37 603,321,243,35 602,321,243,34 602,322,243,33
449,232,188,33 447,231,187,34 447,231,188,32 446,231,188,32 447,231,189,32 448,231,189,38 447,232,188,29 448,232,190,33 448,232,190,32 447,231,187,34
896,467,378,36 897,468,378,34 897,467,379,30 897,467,380,36 898,469,379,34 899,467,379,34 898,467,378,32 899,469,380,37 899,469,380,34 899,468,379,35
748,383,312,33 745,382,312,30 744,380,312,31 744,380,312,38 742,380,312,38 747,381,312,31 745,380,312,32 744,380,312,34 743,380,312,35 744,380,312,30
1491,765,624,30 1491,765,624,34 1490,764,624,38 1496,767,624,39 1497,769,624,34 1493,767,624,33 1493,766,624,34 1491,765,624,35 1492,765,624,33 1493,765,624,37
1350,688,567,33 1351,688,569,35 1352,688,570,36 1350,686,567,34 1352,689,568,33 1349,686,568,33 1353,688,567,34 1347,685,567,33 1345,685,567,34 1347,685,567,33
2698,1376,1134,31 2706,1378,1134,33 2714,1384,1139,38 2705,1379,1135,36 2705,1379,1134,31 2706,1381,1136,37 2702,1378,1135,39 2701,1379,1135,38 2700,1378,1134,36 2712,1384,1138,39
1090,711,529,34 1087,715,533,35 1075,700,518,38 1074,698,516,36 1071,694,512,42 1066,698,512,39 1062,689,506,37 1086,710,529,36 1068,698,513,37 1072,702,513,38
2144,1411,1040,38 2119,1388,1025,41 2140,1392,1028,38 2115,1378,1011,31 2141,1404,1036,35 2140,1406,1042,37 2143,1406,1042,37 2146,1398,1032,38 2154,1419,1050,33 2146,1399,1026,33
1133,646,506,36 1137,645,505,38 1141,649,511,36 1135,646,510,30 1137,645,507,37 1130,644,507,38 1129,642,502,38 1137,649,513,32 1133,646,507,32 1132,643,506,36
2264,1291,1010,34 2265,1295,1014,34 2260,1290,1010,33 2254,1289,1005,32 2258,1289,1007,37 2262,1292,1014,34 2268,1299,1023,39 2269,1294,1018,35 2267,1295,1015,34 2265,1297,1020,36
1676,900,736,32 1667,894,730,40 1665,890,725,35 1681,904,737,39 1675,893,727,34 1665,893,727,34 1675,895,728,34 1679,898,732,38 1674,897,731,36 1671,896,730,33
3211,1719,1399,39 3222,1735,1414,37 3225,1738,1419,39 3205,1721,1402,37 3204,1718,1399,33 3218,1729,1408,33 3212,1726,1403,36 3216,1725,1404,39 3218,1726,1406,34 3216,1731,1411,40
2538,1317,1088,37 2548,1330,1099,31 2541,1320,1089,31 2546,1323,1092,40 2541,1319,1089,42 2546,1320,1088,36 2558,1327,1096,33 2537,1315,1088,37 2534,1312,1083,41 2539,1313,1083,32
5076,2638,2178,31 5084,2635,2174,39 5111,2647,2184,36 5108,2654,2189,37 5107,2648,2184,34 5109,2651,2193,48 5082,2640,2182,34 5084,2640,2181,40 5047,2596,2140,40 5087,2637,2177,31
4284,2190,1797,31 4287,2192,1798,43 4295,2199,1808,39 4333,2221,1821,35 4320,2207,1809,37 4279,2167,1770,33 4314,2202,1806,34 4294,2195,1802,37 4292,2190,1796,39 4303,2196,1803,35
8611,4397,3609,35 8615,4414,3613,51 8597,4399,3601,41 8637,4415,3609,34 8612,4397,3603,39 8620,4407,3605,33 8626,4406,3608,39 8632,4414,3612,35 8645,4428,3623,34 8578,4383,3598,40
14925,7601,6823,38 14932,7600,6821,31 14932,7597,6819,31 14428,7596,6816,36 14943,7603,6821,35 14940,7608,6821,37 13948,6618,5831,37 14902,7587,6809,38 14906,7586,6810,35 14901,7598,6824,34
29629,15175,13618,37 29709,15184,13621,32 29662,15191,13626,39 29630,15163,13606,35 29678,15190,13640,37 28772,14246,12665,52 28888,14312,12720,37 28707,14214,12641,33 28811,14311,12741,34 28661,14196,12637,34
1226,797,671,35 1235,817,690,35 1245,828,700,38 1228,806,678,40 1251,821,693,33 1228,800,673,57 1226,806,676,36 1214,794,670,38 1218,795,669,35 1217,793,667,34
2418,1591,1337,37 2424,1592,1336,39 2482,1636,1387,34 2431,1593,1337,38 2422,1594,1336,56 2426,1598,1341,45 2434,1603,1341,30 2417,1580,1326,37 2414,1573,1321,34 2455,1603,1347,35
1319,752,662,36 1319,757,667,35 1318,756,664,33 1339,768,683,32 1319,755,663,35 1324,759,669,39 1317,750,661,33 1315,750,662,38 1319,751,662,38 1312,749,662,35
2635,1509,1329,33 2639,1509,1328,37 2631,1512,1328,37 2654,1520,1337,40 2629,1503,1323,35 2633,1508,1329,37 2624,1508,1328,35 2637,1505,1324,36 2637,1512,1332,36 2649,1507,1324,37
1970,1057,961,34 1952,1044,945,36 1960,1051,955,36 1962,1051,954,36 1957,1042,944,37 1984,1053,947,36 1967,1054,954,36 1963,1049,951,33 1954,1041,943,38 1964,1051,954,38
3778,2024,1832,37 3765,2017,1830,34 3766,2023,1833,38 3749,2008,1814,31 3772,2022,1834,38 3755,2015,1824,35 3750,2003,1813,36 3776,2025,1836,38 3775,2019,1829,38 3770,2021,1834,39
2944,1527,1399,38 2947,1524,1395,38 2967,1532,1403,38 2947,1526,1400,35 2945,1528,1400,33 2939,1523,1398,34 2942,1526,1399,35 2957,1530,1402,39 2948,1523,1395,37 2937,1518,1390,36
5874,3043,2791,36 5880,3040,2789,33 5875,3038,2785,32 5870,3035,2785,42 5873,3035,2783,36 5893,3047,2789,41 5905,3055,2795,34 5890,3042,2789,43 5892,3051,2793,33 5862,3039,2788,36
4900,2500,2298,38 4915,2511,2308,39 4904,2503,2301,34 4922,2513,2308,36 4920,2512,2308,36 4939,2522,2317,35 4917,2510,2303,34 4899,2497,2295,35 4913,2513,2311,39 4927,2518,2314,34
9800,4988,4579,37 9709,4926,4524,39 9720,4936,4537,37 9730,4942,4540,35 9714,4923,4519,37 9799,4993,4589,33 9832,5028,4623,34 9826,5034,4624,36 9836,5035,4625,39 9788,4989,4586,37
16158,8199,7806,35 16131,8201,7814,37 16117,8174,7784,39 16149,8205,7816,33 16119,8171,7778,34 16153,8212,7818,40 16163,8196,7802,41 16144,8203,7814,38 16134,8190,7802,37 16103,8166,7775,31
32103,16367,15583,31 32171,16390,15587,39 32210,16444,15641,37 32169,16420,15622,33 32130,16402,15608,35 31080,15356,14572,40 31061,15323,14538,38 31043,15305,14527,33 32117,16340,15554,65 32061,16343,15559,31
9353,4730,7790,31 9316,4725,7790,37 9336,4735,7807,34 9380,4759,7819,38 9331,4753,7795,39 9361,4746,7793,33 9328,4725,7798,39 9316,4749,7797,34 9312,4732,7805,35 9370,4738,7807,54
16700,8366,15677,35 16307,8275,15475,39 16472,8368,15685,37 16443,8399,15663,38 16471,8376,15650,39 16427,8381,15298,41 16389,8380,15691,35 16392,8316,15613,33 16477,8346,15617,41 17321,8303,14875,36
4791,2419,7810,33 5621,2429,7800,43 4811,2446,7808,40 6696,3332,9591,34 4796,2429,7804,32 4789,2416,7813,37 5705,3336,9636,35 4801,2427,7806,37 5975,2433,7818,34 4822,2446,7810,38
9574,4850,15626,32 10932,6201,18261,36 9549,4853,15649,35 10574,4974,15910,38 9544,4835,15640,37 9580,4874,15622,36 10708,6001,17908,32 10836,6110,18025,38 9594,4864,15626,39 9534,4816,15618,33
2532,1269,7828,33 2554,1288,7843,31 3031,1268,7830,36 2524,1267,7848,37 2531,1285,7847,38 3393,2136,9551,30 3450,2183,9616,31 2524,1272,7854,37 2536,1291,7847,32 2541,1271,7839,37
5985,3472,17531,38 5033,2543,15625,38 5071,2546,15636,34 5040,2550,15637,34 5877,2577,15648,33 5043,2531,15614,35 5091,2567,15645,34 6857,2529,15604,33 6274,3759,17995,36 5080,2545,15640,36
3387,1281,7834,36 3464,2201,9656,30 3416,2160,9572,31 3537,1396,8057,35 4320,2160,9568,32 2566,1286,7847,35 4290,2171,9587,36 4342,2166,9576,36 3413,1287,7864,38 3436,2170,9559,40
3415,1823,16505,33 4188,2024,16957,30 4026,1924,16741,33 3408,1986,17111,36 4514,2298,17481,41 4739,2324,17505,40 4680,2302,17752,33 3754,2355,18205,32 3453,1566,16024,33 3704,2305,19273,30
4324,2201,11377,31 3506,1387,8028,38 4290,2159,9534,43 4324,2166,9597,34 3399,1288,7861,39 4326,2210,9650,37 3631,2188,9630,38 3586,2203,9627,38 3456,2189,9604,33 4295,2181,9603,39
4080,1758,18814,34 4565,2304,18452,36 3647,2235,19558,36 3761,2356,21064,35 4603,2285,17727,37 4677,2337,18566,36 4635,2363,20127,37 4691,2402,21205,34 4662,2353,17517,33 4680,2356,19896,37
2018/09/18 14:09:50.874772336
