commit 428255932ea6ef6449df2a4fe9caab28bdce564e
2018/09/18 11:58:26.391192107
76,27,1
72,24,1
72,25,1
71,24,1
71,24,1
71,24,1
71,25,1
71,25,1
70,24,1
72,25,1
143,51,1
142,50,1
143,51,1
144,51,1
142,50,1
142,49,1
142,49,1
143,50,1
142,50,1
143,50,1
77,31,1
76,30,1
78,32,1
76,30,1
76,31,1
75,30,1
78,33,1
76,30,1
76,30,1
76,30,1
158,65,1
154,62,1
155,63,1
155,63,1
154,62,1
155,64,1
154,62,1
155,64,1
154,62,1
154,63,1
116,52,1
116,52,1
116,52,1
117,52,1
115,52,1
116,52,1
116,52,1
116,52,1
116,52,1
116,52,1
239,107,1
241,108,1
239,107,1
239,107,1
239,107,1
239,107,1
239,107,1
240,107,1
239,107,1
240,108,1
227,107,1
225,106,1
225,105,1
225,106,1
225,106,1
225,105,1
225,106,1
225,106,1
225,106,1
226,106,1
406,191,1
405,191,1
406,191,1
406,192,1
406,193,1
405,191,1
405,192,1
404,191,1
405,191,1
406,192,1
411,198,1
410,198,1
415,198,1
410,198,1
410,198,1
410,198,1
409,198,1
409,198,1
410,198,1
411,199,1
882,427,1
886,430,1
887,429,1
885,429,1
885,429,1
886,430,1
884,429,1
886,428,1
885,428,1
886,429,1
854,418,1
855,419,1
854,418,1
854,418,1
852,416,1
853,417,1
854,418,1
854,417,1
854,418,1
855,419,1
1769,866,1
1767,864,1
1772,869,1
1771,869,1
1766,864,1
1772,867,1
1769,865,1
1769,864,1
1767,864,1
1772,866,1
287,98,1
289,104,1
284,97,1
283,97,1
283,97,1
282,95,1
287,100,1
287,101,1
287,100,1
286,99,1
573,200,1
564,194,1
568,200,1
571,202,1
569,201,1
570,203,1
572,204,1
569,198,1
568,197,1
568,198,1
302,124,1
299,122,1
302,125,1
300,124,1
298,121,1
302,126,1
297,121,1
298,120,1
301,124,1
299,122,1
609,247,1
618,255,1
613,251,1
612,249,1
613,253,1
614,254,1
611,252,1
611,248,1
607,245,1
615,253,1
449,203,1
448,201,1
446,200,1
445,200,1
444,198,1
445,198,1
444,199,1
447,200,1
448,203,1
447,201,1
921,412,1
919,410,1
916,408,1
924,411,1
925,417,1
921,412,1
920,410,1
921,412,1
920,411,1
922,412,1
882,416,1
883,418,1
880,414,1
881,416,1
881,416,1
882,415,1
882,416,1
882,414,1
884,416,1
887,417,1
1581,745,1
1576,743,1
1576,744,1
1581,745,1
1585,746,1
1580,747,1
1586,746,1
1581,745,1
1587,745,1
1587,751,1
1643,799,1
1640,799,1
1638,795,1
1645,800,1
1642,800,1
1642,798,1
1640,797,1
1643,798,1
1641,799,1
1650,800,1
3537,1719,1
3542,1725,1
3541,1720,1
3558,1732,1
3555,1729,1
3546,1725,1
3542,1725,1
3548,1728,1
3548,1730,1
3539,1717,1
3346,1644,1
3353,1644,1
3351,1645,1
3391,1665,1
3377,1673,1
3357,1649,1
3358,1657,1
3352,1649,1
3346,1644,1
3353,1648,1
6983,3455,1
6993,3438,1
6984,3443,1
7042,3412,1
7038,3434,1
6919,3395,1
6967,3402,1
6944,3403,1
6934,3399,1
6958,3415,1
249,95,1
248,97,1
248,95,1
248,94,1
247,95,1
247,95,1
245,93,1
248,95,1
246,94,1
247,95,1
492,189,1
495,191,1
489,185,1
498,195,1
493,188,1
497,193,1
496,192,1
493,189,1
495,191,1
497,193,1
293,136,1
288,132,1
289,133,1
291,135,1
291,136,1
289,135,1
290,135,1
289,134,1
290,135,1
291,135,1
597,278,1
597,278,1
600,280,1
597,278,1
596,278,1
597,278,1
596,277,1
602,283,1
598,279,1
599,279,1
463,234,1
460,232,1
460,232,1
461,233,1
462,233,1
461,232,1
461,233,1
462,233,1
461,233,1
462,234,1
978,495,1
979,496,1
981,498,1
981,498,1
978,495,1
979,496,1
978,494,1
982,499,1
979,495,1
978,495,1
995,524,1
992,523,1
995,525,1
995,525,1
994,523,1
994,523,1
993,523,1
995,524,1
993,524,1
995,525,1
1745,916,1
1745,917,1
1748,918,1
1745,916,1
1746,917,1
1748,920,1
1749,919,1
1748,918,1
1745,917,1
1743,916,1
1848,991,1
1849,991,1
1849,992,1
1852,994,1
1850,993,1
1853,995,1
1857,997,1
1852,994,1
1917,993,1
1850,992,1
4037,2168,1
4045,2173,1
4046,2178,1
4040,2173,1
4041,2171,1
4037,2170,1
4035,2168,1
4036,2168,1
4036,2169,1
4042,2173,1
3801,2059,1
3804,2062,1
3806,2065,1
3804,2060,1
3799,2060,1
3807,2063,1
3803,2064,1
3795,2057,1
3793,2056,1
3801,2060,1
7919,4301,1
7928,4302,1
7933,4306,1
7923,4302,1
7914,4295,1
7914,4290,1
7908,4289,1
7914,4296,1
7909,4292,1
7915,4295,1
1010,334,1
1002,336,1
999,328,1
1000,331,1
1009,340,1
1006,339,1
994,325,1
997,335,1
1000,340,1
999,339,1
1980,669,1
1977,664,1
1971,660,1
1979,665,1
1978,663,1
1979,666,1
2000,672,1
1993,658,1
2002,670,1
1977,662,1
1239,521,1
1233,519,1
1242,526,1
1246,521,1
1248,521,1
1233,521,1
1235,515,1
1236,517,1
1240,522,1
1244,517,1
2559,1068,1
2561,1066,1
2563,1062,1
2541,1052,1
2540,1055,1
2547,1057,1
2552,1059,1
2550,1056,1
2544,1053,1
2557,1065,1
1972,900,1
1967,903,1
1954,901,1
1957,892,1
1959,895,1
1975,905,1
1951,895,1
1966,900,1
1965,901,1
1963,894,1
4240,1933,1
4263,1949,1
4261,1947,1
4274,1953,1
4270,1949,1
4258,1950,1
4259,1948,1
4253,1941,1
4252,1942,1
4245,1957,1
4425,2116,1
4388,2099,1
4384,2099,1
4397,2109,1
4387,2105,1
4377,2095,1
4370,2095,1
4402,2102,1
4381,2104,1
4393,2111,1
7585,3663,1
7552,3651,1
7513,3614,1
7513,3595,1
7547,3638,1
7634,3712,1
7524,3616,1
7639,3732,1
7551,3626,1
7512,3599,1
8444,4157,1
8390,4105,1
8391,4104,1
8350,4066,1
8337,4055,1
8378,4086,1
8381,4083,1
8421,4098,1
8381,4089,1
8421,4078,1
18411,8957,1
18472,8951,1
18448,9005,1
18432,8928,1
18465,8979,1
18532,8955,1
18565,9065,1
18568,9031,1
18438,8981,1
18463,8939,1
17444,8631,1
17481,8594,1
17547,8630,1
17457,8614,1
17518,8590,1
17493,8599,1
17508,8613,1
17511,8612,1
17508,8609,1
17494,8622,1
36869,18142,1
36716,18159,1
36825,18155,1
36742,18042,1
36743,18079,1
36798,18137,1
36612,18022,1
36788,18018,1
36720,18046,1
36611,18071,1
1195,399,1
1194,397,1
1193,398,1
1197,401,1
1200,405,1
1189,392,1
1199,405,1
1192,397,1
1206,411,1
1199,405,1
2378,796,1
2368,784,1
2377,787,1
2383,792,1
2387,799,1
2381,796,1
2368,785,1
2376,790,1
2376,787,1
2410,816,1
1519,642,1
1517,641,1
1519,642,1
1510,635,1
1509,634,1
1518,643,1
1517,643,1
1519,637,1
1509,635,1
1512,638,1
3128,1328,1
3126,1319,1
3143,1331,1
3135,1329,1
3125,1317,1
3119,1320,1
3129,1324,1
3127,1320,1
3125,1320,1
3135,1333,1
2446,1117,1
2432,1108,1
2415,1112,1
2410,1111,1
2415,1113,1
2415,1120,1
2442,1142,1
2421,1119,1
2412,1119,1
2406,1105,1
5262,2425,1
5307,2467,1
5249,2414,1
5252,2414,1
5272,2431,1
5257,2422,1
5271,2429,1
5257,2421,1
5282,2436,1
5276,2439,1
5460,2610,1
5462,2614,1
5463,2615,1
5452,2618,1
5473,2630,1
5450,2610,1
5464,2624,1
5468,2622,1
5489,2638,1
5485,2632,1
9328,4483,1
9303,4457,1
9337,4475,1
9321,4467,1
9318,4461,1
9314,4458,1
9397,4529,1
9354,4491,1
9332,4475,1
9332,4472,1
10236,5003,1
10233,5006,1
10286,5040,1
10259,5026,1
10250,5013,1
10264,5015,1
10281,5029,1
10276,5026,1
10242,5011,1
10247,5014,1
22675,11073,1
22666,11074,1
22644,11074,1
22625,11070,1
22678,11098,1
22724,11094,1
22961,11116,1
22748,11109,1
22666,11060,1
22681,11063,1
21183,10461,1
21233,10499,1
21235,10489,1
21249,10504,1
21181,10457,1
21212,10478,1
21176,10460,1
21180,10455,1
21178,10464,1
21151,10465,1
44629,22090,1
44682,22088,1
44751,22137,1
44811,22167,1
44599,22042,1
44575,22033,1
44661,22067,1
44643,22068,1
44515,22063,1
44585,22031,1
16082,6740,1
12906,6386,1
14783,6930,1
14121,7051,1
14253,7248,1
14051,7147,1
12600,5814,1
14361,6344,1
13841,6957,1
14049,6917,1
30879,14526,1
25822,13474,1
29424,14618,1
27719,11785,1
24498,12202,1
32594,14598,1
31050,14731,1
29579,12267,1
28754,13884,1
26805,13187,1
9088,4501,1
9281,5188,1
8877,4320,1
9129,4441,1
7007,3367,1
8297,4049,1
8834,4822,1
10061,4708,1
8337,4351,1
7320,3767,1
15913,7975,1
16613,8035,1
17330,8565,1
15743,7067,1
14602,6564,1
15807,7288,1
17407,8393,1
14067,7108,1
17051,7782,1
13325,6530,1
6250,3076,1
6946,3317,1
6998,3567,1
4415,2211,1
4417,2183,1
6806,3312,1
5581,2766,1
5671,2739,1
6065,3264,1
5707,2758,1
10139,5166,1
8899,4240,1
9048,4617,1
9242,4646,1
10555,5188,1
9752,4788,1
12655,6330,1
11149,6583,1
10932,5923,1
8579,4227,1
4599,2355,1
3470,1670,1
4491,2226,1
3679,1859,1
3351,1684,1
4467,2228,1
4223,2559,1
3443,1790,1
3485,1651,1
3559,1943,1
8601,4221,1
7740,3335,1
7858,4649,1
6418,3139,1
6655,3110,1
6455,3235,1
8875,4314,1
6578,3124,1
7853,4052,1
7195,3992,1
4081,2394,1
3806,1987,1
4499,2495,1
3876,1659,1
3591,1909,1
3781,1944,1
3537,1825,1
3307,1648,1
4361,1878,1
3309,1652,1
7123,2985,1
7111,3321,1
6130,2779,1
5858,2968,1
7206,2812,1
7268,2741,1
5654,2732,1
6551,3093,1
6268,3087,1
5688,2724,1
71,24,1
68,23,1
68,23,1
67,22,1
68,24,1
66,22,1
67,23,1
68,24,1
69,25,1
67,22,1
135,45,1
136,46,1
138,48,1
137,47,1
136,46,1
136,45,1
136,45,1
137,46,1
135,44,1
136,45,1
59,23,1
59,23,1
59,23,1
58,22,1
60,23,1
59,23,1
59,22,1
59,23,1
59,23,1
58,22,1
118,47,1
118,47,1
118,46,1
117,46,1
117,46,1
117,46,1
117,46,1
118,47,1
117,47,1
117,46,1
79,35,1
79,35,1
79,35,1
79,35,1
79,35,1
79,35,1
79,35,1
79,35,1
79,35,1
79,35,1
153,68,1
151,67,1
151,67,1
151,67,1
151,67,1
151,67,1
151,67,1
151,67,1
151,67,1
151,67,1
113,53,1
112,52,1
113,53,1
113,53,1
113,52,1
112,52,1
112,52,1
112,52,1
113,53,1
113,53,1
226,107,1
225,105,1
226,106,1
225,106,1
225,106,1
226,107,1
225,106,1
225,105,1
226,107,1
226,106,1
185,89,1
185,89,1
185,90,1
185,89,1
186,90,1
186,90,1
185,89,1
185,89,1
185,90,1
186,90,1
372,179,1
370,179,1
371,180,1
371,180,1
371,179,1
370,179,1
370,179,1
371,179,1
370,179,1
371,179,1
337,166,1
337,166,1
338,166,1
337,166,1
337,166,1
337,166,1
337,166,1
337,166,1
337,166,1
337,166,1
676,333,1
674,332,1
674,332,1
674,332,1
674,332,1
674,331,1
673,331,1
674,332,1
674,332,1
673,332,1
283,90,1
285,90,1
287,93,1
284,88,1
293,99,1
292,99,1
291,99,1
292,98,1
288,96,1
290,96,1
579,192,1
588,200,1
581,191,1
567,177,1
580,195,1
580,191,1
572,185,1
574,188,1
584,197,1
576,190,1
258,101,1
252,98,1
246,98,1
248,95,1
249,97,1
247,96,1
250,99,1
252,100,1
251,98,1
249,98,1
503,199,1
510,200,1
498,194,1
499,196,1
499,193,1
501,198,1
506,204,1
499,195,1
511,200,1
510,196,1
332,146,1
332,145,1
331,142,1
324,141,1
333,146,1
332,148,1
333,147,1
331,147,1
334,146,1
329,147,1
644,281,1
634,283,1
641,278,1
636,280,1
644,281,1
644,276,1
639,283,1
641,277,1
638,276,1
640,279,1
453,212,1
453,212,1
453,212,1
453,212,1
452,211,1
451,211,1
453,211,1
451,210,1
452,211,1
459,210,1
907,424,1
908,423,1
906,423,1
913,426,1
913,423,1
913,429,1
913,428,1
909,424,1
910,427,1
907,424,1
743,356,1
748,361,1
737,353,1
740,356,1
742,355,1
742,357,1
742,359,1
744,357,1
745,360,1
741,357,1
1495,723,1
1487,713,1
1491,714,1
1501,721,1
1497,718,1
1501,718,1
1488,714,1
1510,718,1
1502,721,1
1519,720,1
1402,680,1
1380,674,1
1383,678,1
1378,671,1
1384,675,1
1389,680,1
1395,679,1
1404,686,1
1403,685,1
1382,675,1
2768,1350,1
2777,1350,1
2780,1351,1
2791,1358,1
2789,1362,1
2816,1371,1
2813,1370,1
2772,1351,1
2770,1351,1
2777,1351,1
229,77,1
225,75,1
225,75,1
226,76,1
226,76,1
224,75,1
228,78,1
225,75,1
226,76,1
228,78,1
456,155,1
456,152,1
458,154,1
460,157,1
459,156,1
459,156,1
460,157,1
456,152,1
458,155,1
460,157,1
219,90,1
217,89,1
217,88,1
216,87,1
216,87,1
216,88,1
216,88,1
216,87,1
215,87,1
216,88,1
434,176,1
435,177,1
436,178,1
434,177,1
433,176,1
434,176,1
436,178,1
435,177,1
435,177,1
435,177,1
311,139,1
310,139,1
310,139,1
311,139,1
310,138,1
311,140,1
310,139,1
310,139,1
310,139,1
311,140,1
600,269,1
600,268,1
600,269,1
601,270,1
599,268,1
600,269,1
600,269,1
601,270,1
600,269,1
601,269,1
448,210,1
446,209,1
447,210,1
446,208,1
446,209,1
447,209,1
446,209,1
447,209,1
447,209,1
446,209,1
894,418,1
895,419,1
895,418,1
895,419,1
896,420,1
897,421,1
896,421,1
897,419,1
897,420,1
897,420,1
747,359,1
744,357,1
743,357,1
743,357,1
742,356,1
746,359,1
744,358,1
743,357,1
743,357,1
743,358,1
1488,715,1
1489,714,1
1488,715,1
1494,717,1
1495,718,1
1491,716,1
1491,716,1
1489,714,1
1490,716,1
1491,717,1
1349,655,1
1350,656,1
1351,656,1
1348,657,1
1351,656,1
1348,656,1
1352,658,1
1346,655,1
1344,653,1
1346,654,1
2695,1309,1
2703,1315,1
2711,1317,1
2702,1313,1
2703,1314,1
2703,1313,1
2699,1311,1
2698,1309,1
2697,1309,1
2710,1315,1
1087,349,1
1083,340,1
1071,344,1
1070,344,1
1067,346,1
1062,337,1
1058,342,1
1082,347,1
1064,340,1
1068,340,1
2137,674,1
2111,670,1
2133,689,1
2107,676,1
2134,679,1
2134,675,1
2136,678,1
2138,690,1
2146,675,1
2139,690,1
1131,468,1
1135,473,1
1139,474,1
1132,470,1
1134,473,1
1128,466,1
1127,468,1
1135,469,1
1131,468,1
1129,469,1
2259,938,1
2261,935,1
2256,935,1
2250,928,1
2254,932,1
2258,933,1
2263,932,1
2265,938,1
2263,935,1
2261,932,1
1673,757,1
1665,755,1
1663,756,1
1679,759,1
1673,765,1
1663,755,1
1672,762,1
1677,763,1
1672,758,1
1669,756,1
3206,1459,1
3218,1456,1
3221,1457,1
3201,1452,1
3199,1454,1
3213,1457,1
3207,1453,1
3212,1459,1
3214,1460,1
3211,1453,1
2536,1207,1
2546,1204,1
2539,1206,1
2544,1208,1
2539,1207,1
2544,1212,1
2555,1216,1
2535,1208,1
2532,1207,1
2537,1211,1
5072,2409,1
5080,2419,1
5106,2435,1
5103,2426,1
5103,2430,1
5104,2430,1
5077,2412,1
5080,2416,1
5043,2423,1
5082,2421,1
4281,2078,1
4284,2080,1
4293,2081,1
4331,2096,1
4318,2098,1
4277,2097,1
4312,2096,1
4291,2084,1
4290,2088,1
4300,2091,1
8606,4185,1
8610,4171,1
8592,4168,1
8632,4193,1
8606,4185,1
8615,4184,1
8621,4191,1
8627,4189,1
8640,4187,1
8573,4164,1
14922,7305,1
14929,7312,1
14929,7316,1
14425,6813,1
14940,7322,1
14938,7313,1
13946,7311,1
14899,7296,1
14904,7301,1
14898,7283,1
29625,14419,1
29701,14486,1
29657,14436,1
29625,14431,1
29673,14451,1
28768,14492,1
28884,14542,1
28703,14458,1
28807,14466,1
28657,14431,1
1223,399,1
1231,386,1
1241,386,1
1225,391,1
1247,400,1
1224,398,1
1222,389,1
1210,389,1
1214,393,1
1213,394,1
2411,767,1
2416,773,1
2474,787,1
2424,779,1
2414,767,1
2419,768,1
2427,772,1
2410,777,1
2407,783,1
2448,795,1
1317,548,1
1317,543,1
1316,542,1
1337,552,1
1317,545,1
1322,544,1
1314,548,1
1313,545,1
1317,549,1
1309,543,1
2630,1091,1
2634,1095,1
2627,1083,1
2650,1098,1
2625,1090,1
2629,1088,1
2620,1079,1
2633,1097,1
2633,1091,1
2645,1107,1
1967,895,1
1950,891,1
1958,892,1
1960,895,1
1955,898,1
1981,914,1
1965,896,1
1960,896,1
1952,896,1
1961,896,1
3774,1724,1
3760,1715,1
3762,1709,1
3745,1708,1
3767,1717,1
3751,1707,1
3745,1714,1
3771,1719,1
3772,1724,1
3766,1717,1
2942,1401,1
2945,1407,1
2965,1419,1
2945,1406,1
2943,1403,1
2937,1401,1
2940,1401,1
2955,1412,1
2946,1409,1
2935,1404,1
5870,2803,1
5875,2811,1
5870,2807,1
5865,2806,1
5868,2809,1
5889,2817,1
5901,2821,1
5886,2820,1
5887,2812,1
5858,2794,1
4898,2385,1
4912,2388,1
4901,2386,1
4920,2393,1
4918,2392,1
4936,2400,1
4914,2392,1
4897,2386,1
4911,2385,1
4924,2394,1
9796,4782,1
9704,4753,1
9715,4754,1
9725,4758,1
9709,4761,1
9794,4775,1
9827,4774,1
9821,4762,1
9831,4772,1
9783,4769,1
16153,7939,1
16128,7911,1
16114,7925,1
16146,7925,1
16117,7930,1
16150,7922,1
16161,7949,1
16142,7923,1
16131,7925,1
16099,7918,1
32098,15701,1
32167,15746,1
32205,15731,1
32161,15711,1
32125,15692,1
31075,15689,1
31056,15703,1
31040,15705,1
32112,15742,1
32056,15682,1
9350,4604,1
9313,4572,1
9334,4582,1
9377,4602,1
9328,4559,1
9359,4598,1
9325,4585,1
9313,4549,1
9310,4562,1
9367,4613,1
16698,8298,1
16301,7996,1
16467,8068,1
16438,8008,1
16466,8058,1
16423,8012,1
16384,7974,1
16387,8040,1
16472,8096,1
17316,8983,1
4787,2354,1
5619,3175,1
4807,2347,1
6693,3345,1
4793,2349,1
4786,2354,1
5701,2351,1
4799,2357,1
5972,3523,1
4819,2358,1
9569,4688,1
10927,4695,1
9544,4662,1
10568,5565,1
9539,4673,1
9575,4671,1
10703,4671,1
10831,4690,1
9589,4697,1
9529,4684,1
2528,1246,1
2550,1249,1
3030,1746,1
2520,1241,1
2527,1229,1
3389,1240,1
3446,1249,1
2520,1236,1
2533,1229,1
2536,1253,1
5977,2476,1
5026,2456,1
5065,2490,1
5037,2456,1
5872,3265,1
5036,2477,1
5085,2489,1
6851,4292,1
6267,2479,1
5074,2500,1
3386,2089,1
3459,1246,1
3410,1237,1
3534,2123,1
4317,2143,1
2562,1263,1
4287,2101,1
4339,2158,1
3412,2112,1
3430,1247,1
3410,1557,1
4183,2128,1
4021,2067,1
3401,1387,1
4507,2179,1
4736,2382,1
4676,2343,1
3745,1364,1
3449,1853,1
3696,1365,1
4319,2104,1
3503,2100,1
4286,2113,1
4321,2139,1
3397,2095,1
4324,2098,1
3628,1425,1
3581,1363,1
3451,1249,1
4292,2096,1
4075,2287,1
4559,2224,1
3640,1377,1
3754,1370,1
4598,2284,1
4673,2305,1
4631,2238,1
4685,2254,1
4657,2273,1
4675,2289,1
2018/09/18 14:09:51.870404000
