commit dba53b0a9e3825c5e785562f69c3ac61b9692f97
2018/09/17 05:44:29.695104765
146,49,1
141,46,1
142,48,1
141,48,1
141,47,1
142,49,1
142,48,1
141,46,1
142,48,1
142,48,1
282,94,1
284,97,1
284,95,1
281,93,1
285,97,1
282,94,1
283,95,1
282,94,1
282,94,1
283,94,1
169,69,1
168,68,1
167,68,1
167,68,1
167,68,1
166,68,1
167,68,1
165,68,1
165,68,1
166,67,1
346,142,1
343,140,1
344,142,1
343,141,1
344,141,1
340,141,1
343,140,1
345,141,1
344,140,1
343,141,1
259,115,1
258,115,1
258,116,1
259,116,1
256,116,1
255,115,1
259,116,1
259,116,1
258,116,1
258,115,1
558,250,1
551,249,1
560,251,1
557,250,1
558,250,1
557,249,1
559,250,1
551,251,1
555,249,1
558,250,1
549,260,1
556,260,1
555,261,1
565,270,1
556,259,1
555,259,1
549,259,1
555,260,1
548,260,1
548,259,1
956,451,1
964,452,1
962,449,1
959,449,1
957,451,1
963,451,1
964,451,1
963,452,1
948,448,1
953,449,1
1001,486,1
999,485,1
1014,483,1
1013,482,1
1008,484,1
1015,485,1
1016,485,1
1013,484,1
1008,485,1
1012,484,1
2231,1061,1
2202,1063,1
2205,1069,1
2234,1068,1
2230,1067,1
2219,1066,1
2225,1063,1
2227,1062,1
2238,1069,1
2230,1068,1
2053,1002,1
2046,1001,1
2061,1005,1
2064,1003,1
2043,1001,1
2066,1001,1
2055,1006,1
2074,1006,1
2069,1001,1
2070,1001,1
4296,2108,1
4330,2109,1
4330,2106,1
4303,2107,1
4332,2101,1
4329,2100,1
4351,2113,1
4340,2114,1
4300,2100,1
4357,2101,1
559,188,1
561,192,1
559,190,1
561,193,1
563,195,1
553,185,1
565,195,1
561,193,1
558,189,1
555,186,1
1111,379,1
1104,371,1
1107,374,1
1113,379,1
1111,377,1
1104,372,1
1109,375,1
1103,369,1
1108,374,1
1105,371,1
650,267,1
652,269,1
648,266,1
653,271,1
652,270,1
652,270,1
647,267,1
653,272,1
651,270,1
650,269,1
1346,558,1
1345,562,1
1347,563,1
1345,560,1
1341,559,1
1341,556,1
1342,555,1
1346,559,1
1344,560,1
1341,557,1
1003,457,1
1003,456,1
1007,459,1
1006,457,1
1009,460,1
1004,455,1
1003,457,1
1007,458,1
1003,457,1
1004,457,1
2164,987,1
2164,984,1
2175,994,1
2169,987,1
2162,986,1
2162,986,1
2163,984,1
2160,982,1
2173,986,1
2164,987,1
2176,1030,1
2177,1030,1
2177,1035,1
2172,1035,1
2164,1029,1
2169,1033,1
2171,1034,1
2180,1034,1
2179,1034,1
2174,1030,1
3753,1780,1
3764,1788,1
3757,1786,1
3741,1777,1
3741,1779,1
3748,1785,1
3759,1786,1
3753,1779,1
3756,1779,1
3768,1790,1
3994,1952,1
3980,1936,1
3978,1936,1
3996,1947,1
3998,1947,1
3992,1945,1
4001,1945,1
3991,1936,1
3989,1936,1
3982,1942,1
8784,4281,1
8789,4286,1
8788,4288,1
8790,4278,1
8787,4276,1
8764,4263,1
8765,4263,1
8816,4287,1
8816,4287,1
8801,4271,1
8167,4008,1
8188,4020,1
8165,4019,1
8150,4018,1
8154,4017,1
8146,4003,1
8165,4002,1
8187,4024,1
8175,4027,1
8174,4010,1
17142,8407,1
17175,8440,1
17141,8443,1
17049,8379,1
17057,8381,1
17073,8406,1
17117,8427,1
17178,8437,1
17167,8439,1
17068,8391,1
518,180,1
515,178,1
514,178,1
516,178,1
515,177,1
514,178,1
513,177,1
514,178,1
512,177,1
514,178,1
1028,356,1
1028,355,1
1029,355,1
1028,357,1
1032,356,1
1030,358,1
1027,356,1
1027,353,1
1027,355,1
1029,357,1
632,269,1
632,269,1
628,268,1
630,270,1
629,268,1
629,268,1
628,268,1
631,270,1
629,268,1
630,269,1
1304,558,1
1301,553,1
1301,554,1
1312,557,1
1312,559,1
1302,554,1
1308,554,1
1306,558,1
1303,556,1
1302,554,1
989,457,1
991,458,1
989,458,1
994,458,1
995,459,1
992,457,1
992,457,1
994,459,1
994,459,1
987,457,1
2152,995,1
2161,1001,1
2160,1000,1
2167,1004,1
2162,1003,1
2155,996,1
2158,999,1
2159,1000,1
2170,1002,1
2170,1001,1
2205,1058,1
2203,1056,1
2219,1062,1
2208,1059,1
2205,1057,1
2204,1057,1
2208,1061,1
2205,1059,1
2208,1061,1
2216,1058,1
3793,1824,1
3798,1826,1
3791,1814,1
3801,1814,1
3796,1821,1
3803,1822,1
3793,1824,1
3792,1824,1
3785,1815,1
3784,1815,1
4092,1995,1
4093,1995,1
4080,1983,1
4081,1983,1
4066,1986,1
4066,1986,1
4060,1982,1
4061,1981,1
4072,1995,1
4090,1994,1
9023,4382,1
9009,4385,1
9030,4404,1
8991,4392,1
8996,4395,1
9008,4395,1
9025,4382,1
8981,4384,1
9009,4413,1
9015,4413,1
8357,4114,1
8399,4115,1
8405,4128,1
8373,4131,1
8356,4112,1
8354,4111,1
8371,4133,1
8371,4122,1
8374,4128,1
8411,4129,1
17563,8647,1
17559,8647,1
17580,8670,1
17585,8670,1
17654,8664,1
17624,8665,1
17554,8643,1
17560,8643,1
17581,8663,1
17581,8667,1
1633,512,1
1641,519,1
1643,523,1
1648,526,1
1635,517,1
1654,531,1
1651,533,1
1635,513,1
1642,519,1
1638,515,1
3308,1074,1
3290,1056,1
3286,1052,1
3303,1064,1
3283,1045,1
3278,1046,1
3297,1060,1
3277,1042,1
3283,1049,1
3264,1028,1
2117,879,1
2121,881,1
2112,875,1
2115,877,1
2116,878,1
2123,883,1
2122,882,1
2110,872,1
2111,870,1
2122,882,1
4384,1817,1
4376,1804,1
4420,1853,1
4427,1848,1
4387,1816,1
4404,1825,1
4384,1814,1
4397,1815,1
4384,1814,1
4389,1816,1
3611,1562,1
3400,1553,1
3404,1557,1
3409,1560,1
3418,1574,1
3405,1561,1
3413,1566,1
3412,1568,1
3432,1580,1
3404,1558,1
7499,3433,1
7490,3421,1
7494,3425,1
7502,3440,1
7501,3435,1
7500,3423,1
7518,3442,1
7519,3445,1
7532,3464,1
7525,3457,1
7873,3772,1
7875,3775,1
7879,3780,1
7893,3777,1
7878,3774,1
7857,3752,1
7847,3752,1
7860,3745,1
7856,3756,1
7896,3781,1
13410,6421,1
13376,6396,1
13362,6395,1
13425,6441,1
13404,6435,1
13367,6398,1
13355,6392,1
13405,6430,1
13403,6420,1
13371,6403,1
14657,7185,1
14677,7203,1
14698,7202,1
14707,7238,1
14724,7251,1
14629,7170,1
14662,7179,1
14653,7193,1
14668,7187,1
14625,7165,1
32467,15917,1
32705,16122,1
32568,16019,1
32535,15961,1
32505,15971,1
32612,15975,1
32560,15989,1
32516,15924,1
32505,15904,1
32506,15929,1
32118,15926,1
32193,16011,1
32215,16061,1
32109,15956,1
32116,15957,1
32132,15982,1
32165,15988,1
32061,15899,1
32164,16011,1
32160,16005,1
67812,33647,1
66877,33633,1
67271,33762,1
67753,33693,1
67807,33761,1
67780,33692,1
67758,33669,1
66746,33690,1
67222,33943,1
67112,33737,1
26731,15958,1
23007,9547,1
21806,9515,1
18272,9488,1
21351,10607,1
17369,8610,1
20555,9526,1
18609,8990,1
20812,9713,1
20042,8628,1
51130,23802,1
43816,21710,1
37381,18921,1
40276,17385,1
41334,17105,1
38341,17501,1
43502,21327,1
39325,18893,1
36397,17981,1
36431,17597,1
12460,6415,1
12796,6057,1
10562,5370,1
11768,5811,1
14928,6167,1
10372,5162,1
10486,4896,1
17906,11077,1
15547,7819,1
15488,6749,1
23639,11216,1
25194,10524,1
26219,14404,1
22065,11083,1
23277,11488,1
21841,10691,1
25916,12820,1
20152,9715,1
19689,9634,1
21552,10705,1
7923,4758,1
6400,3200,1
8763,5608,1
8894,4510,1
8843,4028,1
7148,3125,1
10611,6535,1
8911,4024,1
7092,3532,1
8487,4408,1
16667,8848,1
16555,7721,1
14328,7061,1
14732,6989,1
13255,6570,1
13763,6565,1
14190,6998,1
17730,8728,1
14568,7955,1
18123,10581,1
4733,2448,1
6304,3115,1
6349,3134,1
6296,3116,1
6289,3116,1
6729,3117,1
7293,3941,1
6975,3530,1
6286,3114,1
6293,3105,1
13132,7696,1
11168,5200,1
8863,4400,1
9483,5006,1
12782,6571,1
11820,5795,1
10258,5598,1
8999,4510,1
10834,5436,1
10090,5592,1
4970,2233,1
4779,2491,1
5147,2488,1
4154,1661,1
6123,2313,1
7365,3723,1
6380,2615,1
5845,2221,1
4518,2221,1
6051,3408,1
9645,4762,1
11320,4756,1
10837,4944,1
9516,4676,1
9230,4927,1
9578,4835,1
11778,5755,1
8431,4028,1
9842,4184,1
8803,4514,1
141,46,1
138,46,1
138,45,1
137,44,1
138,46,1
138,46,1
138,45,1
136,45,1
137,45,1
138,46,1
276,91,1
277,91,1
276,92,1
276,93,1
276,92,1
275,90,1
276,90,1
275,91,1
275,91,1
276,90,1
139,56,1
138,56,1
140,56,1
140,56,1
140,56,1
140,57,1
141,57,1
140,57,1
137,56,1
140,57,1
282,116,1
280,114,1
280,114,1
279,113,1
280,114,1
280,115,1
279,114,1
276,114,1
279,114,1
279,115,1
199,88,1
199,88,1
198,88,1
198,88,1
197,88,1
197,88,1
199,88,1
198,88,1
199,88,1
199,88,1
378,169,1
377,169,1
382,169,1
382,170,1
382,170,1
382,170,1
377,170,1
376,170,1
377,171,1
380,170,1
286,135,1
284,134,1
288,134,1
288,135,1
284,135,1
286,134,1
289,135,1
287,135,1
289,135,1
287,135,1
575,270,1
579,269,1
574,274,1
571,270,1
576,269,1
568,269,1
570,270,1
576,270,1
577,269,1
566,269,1
474,228,1
473,227,1
473,226,1
474,226,1
470,226,1
470,226,1
471,227,1
476,228,1
467,227,1
469,227,1
943,455,1
939,454,1
945,455,1
946,454,1
940,458,1
947,454,1
943,456,1
949,454,1
938,454,1
933,453,1
860,416,1
860,419,1
857,418,1
861,419,1
858,417,1
847,417,1
848,417,1
859,417,1
859,416,1
853,416,1
1693,836,1
1712,836,1
1712,833,1
1710,833,1
1714,837,1
1717,836,1
1691,835,1
1691,835,1
1717,836,1
1694,834,1
550,184,1
560,192,1
562,193,1
565,198,1
560,192,1
562,195,1
557,187,1
560,190,1
564,192,1
551,181,1
1107,372,1
1117,380,1
1104,366,1
1108,370,1
1105,367,1
1103,368,1
1103,366,1
1109,370,1
1119,374,1
1108,373,1
567,237,1
590,255,1
582,253,1
593,262,1
586,251,1
583,256,1
586,257,1
578,249,1
592,258,1
586,260,1
1151,498,1
1151,490,1
1139,486,1
1147,492,1
1147,493,1
1142,487,1
1152,493,1
1148,491,1
1142,483,1
1141,484,1
813,375,1
815,381,1
811,381,1
824,383,1
840,397,1
823,387,1
808,378,1
841,396,1
840,402,1
844,407,1
1600,773,1
1630,795,1
1628,795,1
1620,788,1
1642,804,1
1658,830,1
1597,763,1
1626,782,1
1591,761,1
1617,784,1
1162,560,1
1165,566,1
1220,622,1
1142,541,1
1170,571,1
1175,577,1
1145,548,1
1161,564,1
1156,556,1
1165,564,1
2320,1121,1
2368,1169,1
2350,1149,1
2342,1142,1
2342,1146,1
2383,1186,1
2367,1170,1
2319,1121,1
2405,1198,1
2350,1151,1
1907,935,1
1909,942,1
1906,941,1
1879,912,1
1897,928,1
1877,910,1
1930,959,1
1914,944,1
1882,911,1
1921,952,1
3879,1932,1
3917,1969,1
3857,1917,1
3834,1892,1
3848,1900,1
3827,1881,1
3944,1993,1
3881,1931,1
3817,1871,1
3854,1909,1
3428,1678,1
3432,1684,1
3444,1692,1
3543,1790,1
3459,1714,1
3453,1700,1
3484,1723,1
3468,1706,1
3464,1719,1
3478,1733,1
6928,3409,1
6907,3388,1
6946,3416,1
6926,3410,1
6897,3380,1
6886,3375,1
6920,3406,1
6935,3407,1
6921,3395,1
6907,3386,1
502,171,1
499,169,1
701,170,1
498,169,1
501,171,1
499,168,1
500,171,1
500,170,1
501,171,1
501,171,1
1004,342,1
1006,343,1
1005,341,1
1004,342,1
1006,345,1
1005,342,1
1005,342,1
1006,342,1
1005,343,1
1006,343,1
536,225,1
535,227,1
534,225,1
534,224,1
534,226,1
535,227,1
534,226,1
532,224,1
536,228,1
534,226,1
1073,454,1
1079,459,1
1077,459,1
1071,456,1
1074,458,1
1072,455,1
1072,456,1
1070,455,1
1072,456,1
1073,457,1
785,362,1
785,361,1
785,362,1
784,361,1
783,362,1
783,362,1
783,360,1
785,361,1
782,361,1
784,362,1
1510,696,1
1513,700,1
1508,696,1
1508,694,1
1513,699,1
1513,700,1
1517,699,1
1511,694,1
1519,702,1
1520,700,1
1153,552,1
1153,553,1
1162,557,1
1160,557,1
1159,555,1
1157,554,1
1157,557,1
1157,556,1
1161,557,1
1161,556,1
2319,1111,1
2301,1106,1
2320,1115,1
2314,1112,1
2291,1109,1
2311,1107,1
2330,1117,1
2299,1112,1
2322,1110,1
2322,1111,1
1880,937,1
1915,937,1
1912,935,1
1911,934,1
1912,933,1
1909,932,1
1918,940,1
1918,935,1
1913,936,1
1911,935,1
3838,1882,1
3838,1880,1
3829,1872,1
3821,1864,1
3840,1881,1
3843,1883,1
3834,1869,1
3843,1877,1
3842,1877,1
3847,1882,1
3543,1756,1
3540,1754,1
3537,1743,1
3542,1743,1
3537,1748,1
3558,1754,1
3528,1739,1
3521,1735,1
3522,1736,1
3529,1743,1
7074,3496,1
7087,3505,1
7105,3498,1
7089,3493,1
7105,3506,1
7111,3511,1
7094,3515,1
7084,3504,1
7090,3489,1
7078,3483,1
1781,546,1
1807,567,1
1825,589,1
1793,563,1
1771,548,1
1784,533,1
1755,513,1
1801,553,1
1818,583,1
1769,522,1
3499,1044,1
3502,1031,1
3537,1090,1
3496,1041,1
3517,1066,1
3512,1055,1
3505,1057,1
3513,1069,1
3528,1083,1
3539,1080,1
1948,758,1
1962,772,1
1965,774,1
1966,777,1
1972,781,1
1966,775,1
1976,784,1
1965,775,1
1960,764,1
1973,782,1
3932,1557,1
3925,1544,1
3936,1558,1
3910,1530,1
3906,1531,1
3911,1537,1
3927,1543,1
3922,1546,1
3898,1519,1
3921,1543,1
2964,1302,1
2959,1295,1
2956,1293,1
2950,1283,1
2950,1289,1
2955,1292,1
2965,1303,1
2952,1291,1
2945,1285,1
2954,1293,1
5715,2508,1
5692,2484,1
5692,2484,1
5665,2462,1
5699,2495,1
5707,2496,1
5689,2484,1
5699,2492,1
5698,2497,1
5693,2486,1
4448,2049,1
4471,2062,1
4432,2037,1
4432,2035,1
4441,2045,1
4465,2071,1
4423,2027,1
4420,2024,1
4434,2035,1
4428,2034,1
8864,4078,1
8854,4063,1
8876,4080,1
8879,4082,1
8852,4060,1
8849,4060,1
8871,4069,1
8848,4062,1
8867,4067,1
8873,4079,1
7682,3603,1
7684,3605,1
7702,3628,1
7699,3619,1
7670,3596,1
7669,3593,1
7686,3611,1
7692,3613,1
7679,3603,1
7679,3603,1
15394,7241,1
15324,7183,1
15403,7255,1
15356,7216,1
15309,7170,1
15350,7207,1
15384,7230,1
15389,7241,1
15295,7192,1
15222,7204,1
20371,10223,1
21614,10255,1
21531,10185,1
21557,10202,1
21585,10214,1
21584,10208,1
21534,10174,1
21549,10172,1
21517,10161,1
21567,10201,1
41049,20444,1
40499,20516,1
40352,20373,1
43110,20371,1
43122,20419,1
43097,20414,1
43189,20468,1
41256,20449,1
41649,20325,1
41721,20350,1
13333,5881,1
13544,5947,1
12382,5862,1
13405,5934,1
13779,6368,1
12865,6094,1
13441,6202,1
13278,5880,1
13346,5859,1
13686,5931,1
25732,10363,1
25720,10294,1
25974,10535,1
29288,14791,1
26098,10528,1
24714,11342,1
29982,14305,1
26525,10597,1
25708,10895,1
24929,11021,1
6342,3018,1
7615,2989,1
6499,3166,1
7452,2998,1
6426,3048,1
6319,2995,1
7010,3128,1
8650,3140,1
8194,3388,1
7354,2979,1
13711,6123,1
13700,6482,1
12902,6256,1
13863,6013,1
14645,6672,1
13077,6431,1
13969,6271,1
14952,6484,1
12961,6055,1
14640,5988,1
4717,1546,1
4912,1550,1
3287,1563,1
4930,1552,1
4581,1542,1
4777,1565,1
3293,1571,1
4718,1546,1
4727,1548,1
5523,2967,1
7813,3082,1
8252,3524,1
10055,3108,1
7891,3091,1
9927,6097,1
10970,4443,1
7276,3100,1
7093,3088,1
7111,3078,1
7055,3094,1
4790,1551,1
4603,1547,1
3298,1552,1
3283,1556,1
6142,2918,1
6047,2795,1
3268,1546,1
4672,1545,1
3269,1550,1
3288,1569,1
6867,3153,1
5143,1703,1
6195,3026,1
5076,3205,1
6680,3262,1
4942,3029,1
5314,1683,1
5108,1682,1
5044,1660,1
4249,1666,1
4508,1547,1
6110,2945,1
4763,1547,1
5982,2948,1
4753,1546,1
4791,2974,1
6032,2805,1
6304,2991,1
4876,1555,1
4321,1832,1
6216,2731,1
4100,1660,1
5076,1683,1
5206,1673,1
5046,1678,1
5530,2445,1
5138,1671,1
6454,3107,1
5349,2046,1
5854,3109,1
2018/09/17 08:06:50.074599396
