commit a079d5e6220bba9b497f4ccf63750f0c2d5c9b9f
2018/09/16 10:25:30.421121288
protocol 1
115,90,31 111,89,32 55,87,88 111,88,32 111,88,31 114,88,29 114,89,29 114,88,30 114,87,28 115,88,28
254,178,32 257,179,30 258,179,30 246,180,40 257,179,29 256,179,30 252,176,33 253,176,32 251,179,35 254,177,29
138,94,31 137,92,29 138,93,29 136,92,31 138,93,30 138,93,29 137,94,32 140,93,28 139,94,28 137,93,30
314,191,28 312,192,30 316,196,31 316,194,29 313,194,33 316,195,30 315,192,28 314,192,28 316,195,30 317,195,29
230,137,30 230,138,30 225,134,32 228,135,30 229,138,31 231,138,29 227,134,29 231,138,29 230,138,29 228,135,28
531,300,29 525,294,30 523,292,30 527,299,35 533,299,28 532,299,29 533,300,29 531,300,31 528,300,33 526,295,31
527,291,31 518,287,36 522,289,33 516,282,32 526,291,31 525,290,31 528,291,29 525,290,31 519,283,31 528,292,30
935,504,29 920,490,32 922,490,30 934,506,33 935,503,29 935,504,29 934,503,29 932,504,34 931,501,31 921,489,30
969,508,29 987,525,29 982,524,33 984,524,32 985,524,29 985,524,29 977,521,34 978,516,31 984,523,31 982,521,29
2207,1158,29 2208,1158,29 2208,1156,29 2209,1158,29 2169,1119,30 2174,1121,29 2209,1160,30 2200,1149,30 2201,1154,31 2179,1131,32
2022,1037,28 2041,1058,30 2041,1056,29 2031,1049,30 2044,1059,29 2038,1062,35 2017,1032,30 2040,1060,35 2044,1059,29 2043,1065,32
4321,2234,30 4317,2226,30 4329,2235,29 4314,2220,30 4314,2222,30 4319,2224,30 4272,2180,29 4323,2235,31 4335,2246,31 4317,2231,31
541,354,30 539,348,31 533,350,36 539,350,30 536,350,30 538,348,35 538,350,30 538,351,32 539,350,33 535,351,34
1101,702,29 1097,698,30 1096,696,33 1098,699,34 1108,700,31 1105,700,30 1102,702,32 1098,700,30 1100,700,31 1098,696,32
629,367,29 628,366,33 628,366,30 629,367,29 629,365,30 627,367,29 629,366,29 629,367,30 631,368,30 629,368,30
1328,760,29 1326,762,33 1330,761,30 1328,760,29 1325,761,29 1332,761,30 1327,763,30 1327,761,31 1324,762,34 1327,759,30
983,532,28 977,531,32 982,533,28 978,533,32 982,532,31 981,534,29 981,533,29 975,532,35 979,534,33 978,533,32
2143,1154,29 2150,1163,35 2154,1161,31 2154,1162,33 2153,1160,29 2148,1161,31 2156,1163,30 2146,1160,35 2152,1158,30 2150,1160,28
2150,1131,34 2151,1128,29 2149,1123,29 2154,1128,29 2153,1129,29 2150,1124,31 2155,1132,30 2150,1125,31 2148,1125,29 2149,1128,31
3742,1947,28 3746,1951,30 3740,1947,32 3762,1973,32 3734,1943,34 3739,1949,30 3737,1951,35 3737,1948,31 3743,1948,30 3735,1949,32
3976,2038,34 3985,2036,30 3988,2040,31 3976,2040,31 3973,2041,31 3976,2042,30 3981,2048,31 3976,2040,31 3983,2044,30 3977,2045,31
8800,4497,30 8776,4484,30 8826,4515,29 8861,4502,32 8806,4506,35 8806,4499,29 8794,4502,32 8822,4537,32 8790,4500,31 8835,4526,31
8170,4139,35 8178,4158,32 8180,4151,31 8218,4152,32 8333,4293,32 8158,4133,35 8192,4131,29 8193,4153,31 8138,4130,44 8169,4148,33
17189,8707,30 17228,8735,33 17317,8761,32 17250,8718,32 17216,8707,31 17249,8704,31 17305,8702,30 17195,8734,32 17155,8687,31 17179,8710,30
491,328,32 485,325,34 489,326,31 488,326,33 490,325,29 489,324,30 490,326,29 492,325,28 487,325,33 490,326,30
1002,652,35 1010,653,30 1010,653,30 1010,653,30 1007,654,32 1010,653,30 1005,651,33 1009,654,31 1005,652,33 1003,652,34
605,354,32 604,353,30 604,353,29 604,353,30 603,353,30 604,353,30 603,353,31 597,352,35 607,353,29 599,353,35
1285,736,30 1284,736,32 1286,738,30 1284,735,31 1287,737,29 1281,737,33 1282,733,29 1282,732,30 1282,733,29 1283,736,32
965,527,31 963,525,32 959,523,33 962,525,31 964,524,29 961,521,30 963,525,32 964,525,30 964,524,29 959,526,36
2138,1143,28 2138,1152,33 2143,1153,29 2134,1145,30 2136,1145,29 2144,1151,29 2146,1150,30 2136,1148,31 2141,1151,34 2145,1150,30
2189,1138,29 2152,1147,65 2184,1146,34 2181,1137,29 2181,1137,29 2192,1148,29 2183,1138,29 2183,1138,29 2179,1137,31 2180,1140,31
3783,1971,30 3779,1970,32 3763,1955,32 3762,1952,31 3765,1951,31 3776,1967,35 3780,1967,28 3766,1954,30 3778,1967,32 3781,1970,32
4060,2084,29 4040,2072,34 4044,2070,31 4038,2066,32 4052,2070,29 4052,2078,32 4059,2083,29 4047,2069,28 4041,2072,34 4037,2069,33
9005,4615,29 8988,4574,30 8986,4575,30 9011,4622,30 8967,4578,30 9021,4620,34 9023,4612,30 9020,4619,29 8991,4585,31 8997,4602,31
8352,4235,31 8360,4247,32 8363,4262,35 8372,4264,29 8359,4233,29 8352,4226,29 8343,4237,32 8353,4238,28 8360,4238,28 8379,4259,30
17557,8893,32 17626,8960,30 17647,8951,37 17591,8883,31 17582,8902,32 17563,8896,30 17622,8899,29 17671,8940,29 17653,8939,31 17647,8946,30
1642,1100,31 1621,1101,33 1622,1103,31 1623,1100,30 1607,1100,31 1619,1099,35 1603,1100,30 1625,1100,30 1616,1100,35 1636,1099,29
3298,2194,29 3258,2187,33 3252,2194,30 3254,2193,35 3272,2193,30 3260,2188,34 3279,2195,31 3264,2187,37 3285,2190,31 3245,2192,40
2110,1228,33 2102,1230,30 2094,1225,31 2104,1226,30 2098,1224,30 2107,1225,30 2103,1229,30 2110,1228,32 2096,1229,30 2098,1229,29
4382,2547,38 4402,2547,29 4381,2548,35 4404,2554,29 4392,2546,33 4399,2549,34 4403,2549,31 4383,2547,32 4396,2550,30 4388,2547,30
3413,1838,35 3415,1847,30 3409,1836,31 3392,1828,32 3395,1831,31 3393,1836,30 3402,1838,32 3395,1840,31 3399,1833,31 3396,1836,32
7516,4046,41 7526,4048,30 7500,4031,30 7521,4048,31 7530,4050,30 7522,4040,33 7509,4043,35 7605,4046,32 7511,4038,34 7512,4040,29
7844,4084,31 7863,4078,31 7847,4090,36 7852,4089,32 7870,4084,30 7862,4084,32 7852,4077,30 7856,4083,31 7859,4081,32 7863,4089,30
13396,6929,32 13414,6930,32 13385,6931,35 13387,6931,32 13408,6946,34 13417,6940,30 13430,6928,34 13424,6946,33 13401,6931,36 13405,6949,30
14696,7472,30 14657,7439,33 14701,7445,34 14704,7458,30 14634,7446,33 14631,7431,32 14675,7467,31 14630,7436,33 14646,7428,31 14679,7467,30
32690,16541,31 32662,16551,32 32604,16584,36 32570,16541,32 32634,16569,31 32586,16529,32 32605,16556,43 32733,16547,33 32679,16590,34 32694,16571,30
32246,16206,31 32067,16179,31 32146,16200,30 32221,16133,39 32177,16101,34 32093,16091,29 32166,16161,31 32022,16062,30 32147,16169,32 32207,16162,29
67586,33728,34 67018,33113,31 67054,33236,36 67247,33368,31 67835,34113,31 67884,34054,30 67878,34054,32 67975,34126,30 66858,33020,34 67020,33187,31
19043,10380,30 25223,13856,32 19361,9714,34 20518,10325,32 21105,10581,33 27815,18239,34 27446,16079,31 19958,11225,33 20670,9434,30 29420,15805,31
40916,21465,38 43119,22891,36 39616,20517,40 42817,23718,36 40513,21406,32 39442,19424,34 43463,22267,32 37863,19716,31 36831,19439,31 41934,23682,32
11869,5921,34 13897,7047,35 16400,8428,36 12249,6001,32 16937,11103,36 9860,4983,32 10005,5037,35 12005,5905,33 12794,7577,33 14224,7036,34
33159,16490,37 27288,13260,32 21282,10535,36 24649,12464,31 25260,12683,33 27605,16107,31 22199,11359,36 27370,14371,34 25644,12821,34 22293,11127,33
12068,4183,31 10089,6974,30 9186,3260,30 6301,3174,30 10570,5463,34 10473,4967,32 6552,3435,31 8493,4423,34 10183,6131,33 9579,5109,30
13045,6639,31 12676,6471,36 12302,6166,35 21920,9861,31 15064,7148,31 12883,6689,32 18230,7244,32 12631,6439,37 12420,6278,34 13006,6354,31
7131,2242,35 6275,3148,33 6314,3179,34 5145,2809,31 7360,2689,35 6154,2499,35 7001,3430,31 6564,3697,34 7146,3625,28 6314,2632,30
9196,4852,33 11022,5739,35 9094,4516,32 10848,5524,33 9340,4448,36 12389,6217,31 11135,4419,35 11237,4446,34 9134,4774,32 12326,5769,33
5357,2639,32 5732,2259,32 4997,2301,31 4845,2278,32 5262,2535,34 5826,2832,33 5330,2730,30 6299,2530,36 4852,2372,34 4849,2605,34
9985,4980,30 10006,5023,40 7960,4031,34 10033,4198,35 10106,5350,35 9773,4638,38 10241,5163,32 10816,6031,35 9660,5377,30 9590,5618,31
protocol 2
112,87,31 110,86,29 108,86,31 104,85,33 107,85,30 109,85,29 109,85,29 103,85,34 112,85,26 106,85,32
246,172,32 246,174,33 248,174,31 248,173,30 247,173,30 247,173,29 248,174,30 250,173,30 250,173,30 245,172,31
110,80,31 112,79,28 108,77,31 112,78,28 111,78,29 103,78,37 111,78,29 111,78,30 108,77,30 111,78,29
248,155,29 246,155,30 243,154,33 241,158,40 250,158,30 251,158,30 248,158,33 247,155,30 252,158,29 251,158,30
169,107,29 168,107,30 169,106,29 167,104,29 168,107,31 169,107,30 169,106,29 170,107,28 171,107,28 173,107,27
346,203,34 351,205,30 353,206,30 349,201,29 348,202,30 348,201,29 355,206,28 352,206,31 350,205,32 350,202,28
260,151,29 254,147,31 254,147,31 258,151,31 259,151,30 258,151,31 258,151,31 258,151,30 259,148,27 256,146,28
548,301,28 543,295,26 545,300,30 546,301,30 544,296,28 544,300,31 541,295,29 541,299,32 545,295,35 540,294,30
442,241,28 441,242,31 443,242,28 444,244,29 444,243,28 442,242,29 444,244,29 443,244,30 443,245,31 444,243,28
903,473,30 917,488,29 910,480,29 911,481,30 916,487,29 915,489,32 915,484,27 916,488,30 918,489,30 920,489,29
815,426,34 822,434,33 816,425,28 829,438,29 828,435,29 830,439,29 823,434,30 830,439,30 825,433,29 833,440,28
1686,876,29 1666,857,29 1661,852,28 1686,877,29 1661,851,30 1682,872,30 1665,853,29 1664,857,34 1662,851,28 1692,879,27
524,350,33 532,349,30 531,351,30 530,349,34 523,345,33 537,347,28 523,347,30 526,349,30 533,353,31 517,347,41
1098,708,33 1075,696,33 1085,695,30 1080,694,33 1092,700,30 1091,698,33 1086,701,32 1094,699,29 1085,695,30 1086,700,35
536,319,30 532,317,30 534,316,31 534,319,30 527,317,32 532,314,29 528,314,32 525,316,33 528,318,35 533,321,34
1104,637,28 1105,642,30 1099,639,32 1109,647,31 1088,637,34 1100,638,31 1100,642,32 1093,638,33 1099,641,32 1092,636,36
767,422,30 770,425,30 763,424,30 766,424,30 762,423,31 764,421,30 764,422,28 763,423,29 761,423,29 764,421,29
1508,825,32 1516,826,30 1517,827,31 1504,813,31 1504,818,33 1510,831,34 1513,826,31 1507,826,30 1503,822,34 1513,822,33
1103,590,39 1115,593,30 1107,588,32 1112,588,29 1112,591,30 1108,590,32 1107,588,30 1110,590,32 1109,592,35 1112,594,35
2253,1187,36 2257,1188,34 2262,1188,30 2259,1180,28 2258,1182,32 2251,1184,35 2249,1183,35 2253,1181,32 2252,1185,31 2253,1186,30
1856,963,33 1849,958,35 1847,961,36 1855,962,29 1848,957,31 1850,959,32 1854,960,32 1855,961,30 1850,962,37 1857,965,30
3759,1929,28 3750,1931,32 3744,1930,30 3750,1929,30 3757,1935,31 3753,1932,28 3746,1930,35 3751,1929,32 3745,1930,32 3751,1933,35
3410,1740,30 3411,1740,30 3409,1744,33 3411,1739,31 3427,1755,29 3419,1752,34 3429,1751,33 3429,1745,30 3411,1743,30 3404,1740,30
6866,3495,29 6858,3488,29 6853,3490,30 6853,3489,29 6856,3486,32 6865,3487,31 6881,3509,31 6870,3497,31 6875,3486,29 6886,3500,33
474,319,31 475,316,28 470,317,32 466,317,36 472,317,31 475,317,29 472,318,31 472,317,30 472,316,30 475,317,28
976,637,30 979,638,30 981,639,30 981,638,30 979,639,31 975,640,34 979,639,30 978,638,30 981,638,28 983,638,29
504,301,33 506,300,30 506,301,30 501,300,34 505,300,30 505,300,29 504,300,31 506,300,29 504,301,31 504,300,30
1046,604,27 1045,604,27 1041,606,34 1039,606,34 1040,603,32 1046,606,30 1042,603,32 1043,604,29 1047,606,29 1044,605,30
756,417,30 755,416,29 755,415,29 750,415,31 753,416,32 754,415,30 753,417,33 757,416,28 753,416,30 754,417,29
1491,807,29 1490,806,29 1482,806,33 1484,805,33 1483,805,30 1486,804,28 1482,808,31 1484,806,29 1476,798,33 1486,807,30
1125,597,33 1128,597,31 1127,597,33 1132,599,29 1128,597,29 1126,595,28 1129,598,29 1120,586,28 1131,598,30 1129,598,30
2285,1197,29 2260,1172,30 2288,1197,29 2283,1193,29 2256,1166,29 2287,1194,29 2292,1202,35 2262,1170,28 2281,1199,31 2284,1197,30
1848,942,32 1887,978,31 1882,975,35 1880,971,36 1889,976,31 1896,980,29 1903,979,32 1903,976,31 1894,979,30 1888,976,29
3823,1962,30 3815,1954,31 3806,1950,29 3801,1950,33 3807,1950,30 3805,1950,30 3822,1958,30 3822,1958,30 3809,1952,34 3812,1953,33
3519,1790,32 3514,1794,31 3503,1783,32 3504,1796,33 3499,1790,32 3518,1786,29 3519,1792,34 3502,1781,33 3502,1780,29 3489,1781,31
7050,3584,28 7060,3585,36 7062,3586,30 7053,3572,31 7060,3594,30 7062,3571,31 7048,3571,42 7067,3600,34 7041,3578,35 7042,3573,29
1754,1224,30 1749,1217,30 1748,1218,30 1751,1229,31 1766,1227,29 1768,1241,29 1756,1234,30 1768,1224,33 1751,1219,31 1762,1222,31
3543,2445,30 3543,2438,31 3538,2462,34 3500,2436,34 3532,2463,35 3516,2423,34 3491,2436,44 3537,2424,30 3552,2447,31 3513,2448,31
1944,1177,31 1942,1175,30 1946,1173,31 1939,1172,29 1928,1172,31 1952,1176,31 1939,1175,29 1930,1171,29 1947,1173,29 1930,1172,31
3908,2354,30 3912,2354,29 3911,2352,32 3908,2352,31 3900,2350,30 3916,2346,31 3900,2346,30 3896,2344,32 3920,2343,31 3892,2354,33
2932,1653,31 2941,1648,30 2939,1646,27 2929,1650,30 2927,1649,29 2927,1647,30 2932,1648,30 2924,1646,30 2931,1648,30 2913,1648,46
5687,3172,31 5689,3187,30 5680,3177,30 5686,3186,35 5679,3176,31 5677,3176,30 5672,3173,34 5667,3156,31 5687,3179,31 5679,3179,31
4419,2388,32 4403,2385,34 4402,2386,35 4425,2395,31 4433,2389,34 4423,2393,33 4433,2390,32 4394,2371,32 4421,2380,31 4417,2380,33
8853,4766,33 8846,4776,31 8850,4775,34 8889,4777,30 8894,4780,31 8883,4780,30 8863,4765,30 8882,4783,31 8874,4772,29 8853,4774,32
7647,4058,36 7706,4069,32 7676,4066,32 7675,4065,31 7697,4072,29 7675,4066,30 7681,4068,32 7681,4070,33 7663,4069,31 7690,4083,36
15349,8129,31 15362,8113,31 15363,8111,32 15357,8119,31 15376,8115,32 15368,8132,31 15331,8139,28 15362,8122,30 15257,8019,34 15364,8125,32
21498,11202,31 21584,11362,26 21574,11355,31 21585,11358,35 20552,10284,34 21693,11377,31 21680,11348,30 21839,11381,33 21773,11380,33 21684,11361,30
43404,22731,34 43317,22695,29 41604,21009,27 40417,19949,31 40540,19965,31 43378,22731,31 43363,22745,30 43090,22701,74 43111,22683,31 43315,22732,30
12886,6542,32 12397,6540,31 11153,5233,30 12485,6566,34 12500,6572,31 11414,5468,29 12458,6572,29 12471,6596,29 11456,5564,36 12501,6587,27
21987,11595,30 21882,11554,30 21957,11574,29 22057,11642,31 21884,11553,34 22039,11627,33 21986,11558,30 22014,11629,33 22056,11551,32 22083,11665,31
6346,3364,30 6390,3346,31 6340,3319,29 6340,3325,34 6338,3325,31 6351,3314,31 6361,3327,31 6420,3370,31 6330,3323,31 7827,4797,32
13373,7363,31 12660,6670,31 13249,7212,34 12647,6612,30 12681,6649,33 12666,6658,32 12746,6672,35 16359,10226,34 13756,7592,29 12579,6677,30
4764,3201,31 4786,3232,31 4789,3234,31 4886,3277,29 3258,1710,30 4186,2629,31 4867,3303,34 6156,3284,29 3899,2353,28 3259,1704,33
7984,4831,36 8429,5274,29 6600,3491,34 6590,3473,31 9971,6861,32 6566,3451,31 8747,5634,31 9919,6779,29 8037,4910,28 7609,4499,31
4795,3255,30 4837,3284,34 4301,2757,34 3533,1985,31 4754,1739,39 4792,3233,30 6231,3296,34 3287,1726,29 6321,3234,30 6301,3289,33
5737,2391,31 6202,3071,35 6713,3547,31 5363,3065,33 5173,3496,32 6541,3405,29 6679,3488,28 6695,3458,32 4817,3134,31 5333,2170,31
4759,1727,31 6412,3309,31 5920,2901,36 6174,3208,44 6282,3296,31 5194,3151,31 6224,3239,34 4678,3123,32 4658,1710,33 6265,3304,33
6581,3551,33 5230,3563,32 5358,2176,32 6003,2867,30 6301,3067,30 6604,3352,32 5855,3441,34 5136,1973,32 6579,3450,34 6647,3430,31
2018/09/16 12:47:53.566162807
