commit a079d5e6220bba9b497f4ccf63750f0c2d5c9b9f
Execution time: 2018/09/16 10:25:30.421121288
		q    n    m      N    M    tau  MT?  total times                                                                AVG         STD         computation times                                                          AVG         STD         
protocol 1
		15   256  1024   2    75   34        115,111,55,111,111,114,114,114,114,115                                     107.4000    17.5340     90,89,87,88,88,88,89,88,87,88                                              88.2000     0.8718      
		15   256  1024   2    145  63        254,257,258,246,257,256,252,253,251,254                                    253.8000    3.4000      178,179,179,180,179,179,176,176,179,177                                    178.2000    1.3266      
		15   256  1024   4    55   32        138,137,138,136,138,138,137,140,139,137                                    137.8000    1.0770      94,92,93,92,93,93,94,93,94,93                                              93.1000     0.7000      
		15   256  1024   4    105  57        314,312,316,316,313,316,315,314,316,317                                    314.9000    1.5133      191,192,196,194,194,195,192,192,195,195                                    193.6000    1.6248      
		15   256  1024   8    55   38        230,230,225,228,229,231,227,231,230,228                                    228.9000    1.8138      137,138,134,135,138,138,134,138,138,135                                    136.5000    1.6882      
		15   256  1024   8    95   57        531,525,523,527,533,532,533,531,528,526                                    528.9000    3.3897      300,294,292,299,299,299,300,300,300,295                                    297.8000    2.8213      
		15   256  1024   16   45   26        527,518,522,516,526,525,528,525,519,528                                    523.4000    4.1521      291,287,289,282,291,290,291,290,283,292                                    288.6000    3.3226      
		15   256  1024   16   95   63        935,920,922,934,935,935,934,932,931,921                                    929.9000    5.9741      504,490,490,506,503,504,503,504,501,489                                    499.4000    6.4838      
		15   256  1024   32   45   28        969,987,982,984,985,985,977,978,984,982                                    981.3000    5.0606      508,525,524,524,524,524,521,516,523,521                                    521.0000    5.0000      
		15   256  1024   32   85   47        2207,2208,2208,2209,2169,2174,2209,2200,2201,2179                          2196.4000   15.1275     1158,1158,1156,1158,1119,1121,1160,1149,1154,1131                          1146.4000   15.4221     
		15   256  1024   64   45   28        2022,2041,2041,2031,2044,2038,2017,2040,2044,2043                          2036.1000   9.1044      1037,1058,1056,1049,1059,1062,1032,1060,1059,1065                          1053.7000   10.4312     
		15   256  1024   64   85   49        4321,4317,4329,4314,4314,4319,4272,4323,4335,4317                          4316.1000   15.9966     2234,2226,2235,2220,2222,2224,2180,2235,2246,2231                          2225.3000   16.7872     
		15   256  4096   2    75   34        541,539,533,539,536,538,538,538,539,535                                    537.6000    2.2000      354,348,350,350,350,348,350,351,350,351                                    350.2000    1.6000      
		15   256  4096   2    145  63        1101,1097,1096,1098,1108,1105,1102,1098,1100,1098                          1100.3000   3.6069      702,698,696,699,700,700,702,700,700,696                                    699.3000    2.0025      
		15   256  4096   4    55   32        629,628,628,629,629,627,629,629,631,629                                    628.8000    0.9798      367,366,366,367,365,367,366,367,368,368                                    366.7000    0.9000      
		15   256  4096   4    105  57        1328,1326,1330,1328,1325,1332,1327,1327,1324,1327                          1327.4000   2.2000      760,762,761,760,761,761,763,761,762,759                                    761.0000    1.0954      
		15   256  4096   8    55   38        983,977,982,978,982,981,981,975,979,978                                    979.6000    2.4576      532,531,533,533,532,534,533,532,534,533                                    532.7000    0.9000      
		15   256  4096   8    95   57        2143,2150,2154,2154,2153,2148,2156,2146,2152,2150                          2150.6000   3.8262      1154,1163,1161,1162,1160,1161,1163,1160,1158,1160                          1160.2000   2.5219      
		15   256  4096   16   45   26        2150,2151,2149,2154,2153,2150,2155,2150,2148,2149                          2150.9000   2.2113      1131,1128,1123,1128,1129,1124,1132,1125,1125,1128                          1127.3000   2.8302      
		15   256  4096   16   95   63        3742,3746,3740,3762,3734,3739,3737,3737,3743,3735                          3741.5000   7.6844      1947,1951,1947,1973,1943,1949,1951,1948,1948,1949                          1950.6000   7.7743      
		15   256  4096   32   45   28        3976,3985,3988,3976,3973,3976,3981,3976,3983,3977                          3979.1000   4.6141      2038,2036,2040,2040,2041,2042,2048,2040,2044,2045                          2041.4000   3.3226      
		15   256  4096   32   85   47        8800,8776,8826,8861,8806,8806,8794,8822,8790,8835                          8811.6000   23.5465     4497,4484,4515,4502,4506,4499,4502,4537,4500,4526                          4506.8000   14.5520     
		15   256  4096   64   45   28        8170,8178,8180,8218,8333,8158,8192,8193,8138,8169                          8192.9000   50.9656     4139,4158,4151,4152,4293,4133,4131,4153,4130,4148                          4158.8000   45.7467     
		15   256  4096   64   85   49        17189,17228,17317,17250,17216,17249,17305,17195,17155,17179                17228.3000  50.2574     8707,8735,8761,8718,8707,8704,8702,8734,8687,8710                          8716.5000   20.2250     
		31   512  2048   2    75   34        491,485,489,488,490,489,490,492,487,490                                    489.1000    1.9209      328,325,326,326,325,324,326,325,325,326                                    325.6000    1.0198      
		31   512  2048   2    145  63        1002,1010,1010,1010,1007,1010,1005,1009,1005,1003                          1007.1000   2.9816      652,653,653,653,654,653,651,654,652,652                                    652.7000    0.9000      
		31   512  2048   4    55   32        605,604,604,604,603,604,603,597,607,599                                    603.0000    2.7568      354,353,353,353,353,353,353,352,353,353                                    353.0000    0.4472      
		31   512  2048   4    105  57        1285,1284,1286,1284,1287,1281,1282,1282,1282,1283                          1283.6000   1.8547      736,736,738,735,737,737,733,732,733,736                                    735.3000    1.9000      
		31   512  2048   8    55   38        965,963,959,962,964,961,963,964,964,959                                    962.4000    2.0100      527,525,523,525,524,521,525,525,524,526                                    524.5000    1.5652      
		31   512  2048   8    95   57        2138,2138,2143,2134,2136,2144,2146,2136,2141,2145                          2140.1000   4.0361      1143,1152,1153,1145,1145,1151,1150,1148,1151,1150                          1148.8000   3.2187      
		31   512  2048   16   45   26        2189,2152,2184,2181,2181,2192,2183,2183,2179,2180                          2180.4000   10.2196     1138,1147,1146,1137,1137,1148,1138,1138,1137,1140                          1140.6000   4.2942      
		31   512  2048   16   95   63        3783,3779,3763,3762,3765,3776,3780,3766,3778,3781                          3773.3000   7.8492      1971,1970,1955,1952,1951,1967,1967,1954,1967,1970                          1962.4000   7.8511      
		31   512  2048   32   45   28        4060,4040,4044,4038,4052,4052,4059,4047,4041,4037                          4047.0000   7.9875      2084,2072,2070,2066,2070,2078,2083,2069,2072,2069                          2073.3000   5.8830      
		31   512  2048   32   85   47        9005,8988,8986,9011,8967,9021,9023,9020,8991,8997                          9000.9000   17.3980     4615,4574,4575,4622,4578,4620,4612,4619,4585,4602                          4600.2000   19.0463     
		31   512  2048   64   45   28        8352,8360,8363,8372,8359,8352,8343,8353,8360,8379                          8359.3000   9.8798      4235,4247,4262,4264,4233,4226,4237,4238,4238,4259                          4243.9000   12.6685     
		31   512  2048   64   85   49        17557,17626,17647,17591,17582,17563,17622,17671,17653,17647                17615.9000  38.1089     8893,8960,8951,8883,8902,8896,8899,8940,8939,8946                          8920.9000   27.2560     
		61   1024 4096   2    75   34        1642,1621,1622,1623,1607,1619,1603,1625,1616,1636                          1621.4000   11.1104     1100,1101,1103,1100,1100,1099,1100,1100,1100,1099                          1100.2000   1.0770      
		61   1024 4096   2    145  63        3298,3258,3252,3254,3272,3260,3279,3264,3285,3245                          3266.7000   15.7166     2194,2187,2194,2193,2193,2188,2195,2187,2190,2192                          2191.3000   2.9000      
		61   1024 4096   4    55   32        2110,2102,2094,2104,2098,2107,2103,2110,2096,2098                          2102.2000   5.3814      1228,1230,1225,1226,1224,1225,1229,1228,1229,1229                          1227.3000   2.0025      
		61   1024 4096   4    105  57        4382,4402,4381,4404,4392,4399,4403,4383,4396,4388                          4393.0000   8.5907      2547,2547,2548,2554,2546,2549,2549,2547,2550,2547                          2548.4000   2.2000      
		61   1024 4096   8    55   38        3413,3415,3409,3392,3395,3393,3402,3395,3399,3396                          3400.9000   8.0678      1838,1847,1836,1828,1831,1836,1838,1840,1833,1836                          1836.3000   4.9204      
		61   1024 4096   8    95   57        7516,7526,7500,7521,7530,7522,7509,7605,7511,7512                          7525.2000   27.8883     4046,4048,4031,4048,4050,4040,4043,4046,4038,4040                          4043.0000   5.5136      
		61   1024 4096   16   45   26        7844,7863,7847,7852,7870,7862,7852,7856,7859,7863                          7856.8000   7.6785      4084,4078,4090,4089,4084,4084,4077,4083,4081,4089                          4083.9000   4.2532      
		61   1024 4096   16   95   63        13396,13414,13385,13387,13408,13417,13430,13424,13401,13405                13406.7000  14.1849     6929,6930,6931,6931,6946,6940,6928,6946,6931,6949                          6936.1000   7.8032      
		61   1024 4096   32   45   28        14696,14657,14701,14704,14634,14631,14675,14630,14646,14679                14665.3000  28.0002     7472,7439,7445,7458,7446,7431,7467,7436,7428,7467                          7448.9000   15.2214     
		61   1024 4096   32   85   47        32690,32662,32604,32570,32634,32586,32605,32733,32679,32694                32645.7000  51.1059     16541,16551,16584,16541,16569,16529,16556,16547,16590,16571                16557.9000  18.9285     
		61   1024 4096   64   45   28        32246,32067,32146,32221,32177,32093,32166,32022,32147,32207                32149.2000  67.1056     16206,16179,16200,16133,16101,16091,16161,16062,16169,16162                16146.4000  45.7038     
		61   1024 4096   64   85   49        67586,67018,67054,67247,67835,67884,67878,67975,66858,67020                67435.5000  416.1486    33728,33113,33236,33368,34113,34054,34054,34126,33020,33187                33599.9000  435.7659    
		61   1024 4096   64   45   28   2    19043,25223,19361,20518,21105,27815,27446,19958,20670,29420                23055.9000  3773.7542   10380,13856,9714,10325,10581,18239,16079,11225,9434,15805                  12563.8000  3002.6951   
		61   1024 4096   64   85   49   2    40916,43119,39616,42817,40513,39442,43463,37863,36831,41934                40651.4000  2128.9324   21465,22891,20517,23718,21406,19424,22267,19716,19439,23682                21452.5000  1577.9024   
		61   1024 4096   64   45   28   4    11869,13897,16400,12249,16937,9860,10005,12005,12794,14224                 13024.0000  2259.6956   5921,7047,8428,6001,11103,4983,5037,5905,7577,7036                         6903.8000   1743.5770   
		61   1024 4096   64   85   49   4    33159,27288,21282,24649,25260,27605,22199,27370,25644,22293                25674.9000  3305.3708   16490,13260,10535,12464,12683,16107,11359,14371,12821,11127                13121.7000  1906.0363   
		61   1024 4096   64   45   28   8    12068,10089,9186,6301,10570,10473,6552,8493,10183,9579                     9349.4000   1712.1930   4183,6974,3260,3174,5463,4967,3435,4423,6131,5109                          4711.9000   1199.3615   
		61   1024 4096   64   85   49   8    13045,12676,12302,21920,15064,12883,18230,12631,12420,13006                14417.7000  3035.8056   6639,6471,6166,9861,7148,6689,7244,6439,6278,6354                          6928.9000   1033.0522   
		61   1024 4096   64   45   28   16   7131,6275,6314,5145,7360,6154,7001,6564,7146,6314                          6540.4000   622.0459    2242,3148,3179,2809,2689,2499,3430,3697,3625,2632                          2995.0000   470.0234    
		61   1024 4096   64   85   49   16   9196,11022,9094,10848,9340,12389,11135,11237,9134,12326                    10572.1000  1227.9822   4852,5739,4516,5524,4448,6217,4419,4446,4774,5769                          5070.4000   640.3126    
		61   1024 4096   64   45   28   32   5357,5732,4997,4845,5262,5826,5330,6299,4852,4849                          5334.9000   464.5054    2639,2259,2301,2278,2535,2832,2730,2530,2372,2605                          2508.1000   189.2852    
		61   1024 4096   64   85   49   32   9985,10006,7960,10033,10106,9773,10241,10816,9660,9590                     9817.0000   699.8901    4980,5023,4031,4198,5350,4638,5163,6031,5377,5618                          5040.9000   585.9601    
protocol 2
		15   256  1024   2    40             112,110,108,104,107,109,109,103,112,106                                    108.0000    2.8983      87,86,86,85,85,85,85,85,85,85                                              85.4000     0.6633      
		15   256  1024   2    80             246,246,248,248,247,247,248,250,250,245                                    247.5000    1.5652      172,174,174,173,173,173,174,173,173,172                                    173.1000    0.7000      
		15   256  1024   4    20             110,112,108,112,111,103,111,111,108,111                                    109.7000    2.6096      80,79,77,78,78,78,78,78,77,78                                              78.1000     0.8307      
		15   256  1024   4    40             248,246,243,241,250,251,248,247,252,251                                    247.7000    3.4073      155,155,154,158,158,158,158,155,158,158                                    156.7000    1.6155      
		15   256  1024   8    14             169,168,169,167,168,169,169,170,171,173                                    169.3000    1.6155      107,107,106,104,107,107,106,107,107,107                                    106.5000    0.9220      
		15   256  1024   8    27             346,351,353,349,348,348,355,352,350,350                                    350.2000    2.5219      203,205,206,201,202,201,206,206,205,202                                    203.7000    2.0025      
		15   256  1024   16   10             260,254,254,258,259,258,258,258,259,256                                    257.4000    1.9596      151,147,147,151,151,151,151,151,148,146                                    149.4000    2.0100      
		15   256  1024   16   20             548,543,545,546,544,544,541,541,545,540                                    543.7000    2.3685      301,295,300,301,296,300,295,299,295,294                                    297.6000    2.6907      
		15   256  1024   32   8              442,441,443,444,444,442,444,443,443,444                                    443.0000    1.0000      241,242,242,244,243,242,244,244,245,243                                    243.0000    1.1832      
		15   256  1024   32   16             903,917,910,911,916,915,915,916,918,920                                    914.1000    4.6573      473,488,480,481,487,489,484,488,489,489                                    484.8000    5.0557      
		15   256  1024   64   7              815,822,816,829,828,830,823,830,825,833                                    825.1000    5.7697      426,434,425,438,435,439,434,439,433,440                                    434.3000    4.9810      
		15   256  1024   64   14             1686,1666,1661,1686,1661,1682,1665,1664,1662,1692                          1672.5000   11.7495     876,857,852,877,851,872,853,857,851,879                                    862.5000    11.3159     
		15   256  4096   2    40             524,532,531,530,523,537,523,526,533,517                                    527.6000    5.6956      350,349,351,349,345,347,347,349,353,347                                    348.7000    2.1932      
		15   256  4096   2    80             1098,1075,1085,1080,1092,1091,1086,1094,1085,1086                          1087.2000   6.4312      708,696,695,694,700,698,701,699,695,700                                    698.6000    3.9038      
		15   256  4096   4    20             536,532,534,534,527,532,528,525,528,533                                    530.9000    3.4482      319,317,316,319,317,314,314,316,318,321                                    317.1000    2.1190      
		15   256  4096   4    40             1104,1105,1099,1109,1088,1100,1100,1093,1099,1092                          1098.9000   6.0737      637,642,639,647,637,638,642,638,641,636                                    639.7000    3.1639      
		15   256  4096   8    14             767,770,763,766,762,764,764,763,761,764                                    764.4000    2.4980      422,425,424,424,423,421,422,423,423,421                                    422.8000    1.2490      
		15   256  4096   8    27             1508,1516,1517,1504,1504,1510,1513,1507,1503,1513                          1509.5000   4.8425      825,826,827,813,818,831,826,826,822,822                                    823.6000    4.8415      
		15   256  4096   16   10             1103,1115,1107,1112,1112,1108,1107,1110,1109,1112                          1109.5000   3.2634      590,593,588,588,591,590,588,590,592,594                                    590.4000    2.0100      
		15   256  4096   16   20             2253,2257,2262,2259,2258,2251,2249,2253,2252,2253                          2254.7000   3.8743      1187,1188,1188,1180,1182,1184,1183,1181,1185,1186                          1184.4000   2.7276      
		15   256  4096   32   8              1856,1849,1847,1855,1848,1850,1854,1855,1850,1857                          1852.1000   3.4771      963,958,961,962,957,959,960,961,962,965                                    960.8000    2.2716      
		15   256  4096   32   16             3759,3750,3744,3750,3757,3753,3746,3751,3745,3751                          3750.6000   4.6303      1929,1931,1930,1929,1935,1932,1930,1929,1930,1933                          1930.8000   1.8868      
		15   256  4096   64   7              3410,3411,3409,3411,3427,3419,3429,3429,3411,3404                          3416.0000   8.7864      1740,1740,1744,1739,1755,1752,1751,1745,1743,1740                          1744.9000   5.4854      
		15   256  4096   64   14             6866,6858,6853,6853,6856,6865,6881,6870,6875,6886                          6866.3000   11.0639     3495,3488,3490,3489,3486,3487,3509,3497,3486,3500                          3492.7000   7.1281      
		31   512  2048   2    40             474,475,470,466,472,475,472,472,472,475                                    472.3000    2.6476      319,316,317,317,317,317,318,317,316,317                                    317.1000    0.8307      
		31   512  2048   2    80             976,979,981,981,979,975,979,978,981,983                                    979.2000    2.3152      637,638,639,638,639,640,639,638,638,638                                    638.4000    0.8000      
		31   512  2048   4    20             504,506,506,501,505,505,504,506,504,504                                    504.5000    1.4318      301,300,301,300,300,300,300,300,301,300                                    300.3000    0.4583      
		31   512  2048   4    40             1046,1045,1041,1039,1040,1046,1042,1043,1047,1044                          1043.3000   2.6096      604,604,606,606,603,606,603,604,606,605                                    604.7000    1.1874      
		31   512  2048   8    14             756,755,755,750,753,754,753,757,753,754                                    754.0000    1.8439      417,416,415,415,416,415,417,416,416,417                                    416.0000    0.7746      
		31   512  2048   8    27             1491,1490,1482,1484,1483,1486,1482,1484,1476,1486                          1484.4000   4.0546      807,806,806,805,805,804,808,806,798,807                                    805.2000    2.6382      
		31   512  2048   16   10             1125,1128,1127,1132,1128,1126,1129,1120,1131,1129                          1127.5000   3.2016      597,597,597,599,597,595,598,586,598,598                                    596.2000    3.5440      
		31   512  2048   16   20             2285,2260,2288,2283,2256,2287,2292,2262,2281,2284                          2277.8000   12.4884     1197,1172,1197,1193,1166,1194,1202,1170,1199,1197                          1188.7000   12.9619     
		31   512  2048   32   8              1848,1887,1882,1880,1889,1896,1903,1903,1894,1888                          1887.0000   14.9733     942,978,975,971,976,980,979,976,979,976                                    973.2000    10.6846     
		31   512  2048   32   16             3823,3815,3806,3801,3807,3805,3822,3822,3809,3812                          3812.2000   7.5472      1962,1954,1950,1950,1950,1950,1958,1958,1952,1953                          1953.7000   4.0509      
		31   512  2048   64   7              3519,3514,3503,3504,3499,3518,3519,3502,3502,3489                          3506.9000   9.5964      1790,1794,1783,1796,1790,1786,1792,1781,1780,1781                          1787.3000   5.5687      
		31   512  2048   64   14             7050,7060,7062,7053,7060,7062,7048,7067,7041,7042                          7054.5000   8.5586      3584,3585,3586,3572,3594,3571,3571,3600,3578,3573                          3581.4000   9.6561      
		61   1024 4096   2    40             1754,1749,1748,1751,1766,1768,1756,1768,1751,1762                          1757.3000   7.5769      1224,1217,1218,1229,1227,1241,1234,1224,1219,1222                          1225.5000   7.1729      
		61   1024 4096   2    80             3543,3543,3538,3500,3532,3516,3491,3537,3552,3513                          3526.5000   19.2938     2445,2438,2462,2436,2463,2423,2436,2424,2447,2448                          2442.2000   12.9754     
		61   1024 4096   4    20             1944,1942,1946,1939,1928,1952,1939,1930,1947,1930                          1939.7000   7.7078      1177,1175,1173,1172,1172,1176,1175,1171,1173,1172                          1173.6000   1.9079      
		61   1024 4096   4    40             3908,3912,3911,3908,3900,3916,3900,3896,3920,3892                          3906.3000   8.5563      2354,2354,2352,2352,2350,2346,2346,2344,2343,2354                          2349.5000   4.1292      
		61   1024 4096   8    14             2932,2941,2939,2929,2927,2927,2932,2924,2931,2913                          2929.5000   7.4330      1653,1648,1646,1650,1649,1647,1648,1646,1648,1648                          1648.3000   1.9519      
		61   1024 4096   8    27             5687,5689,5680,5686,5679,5677,5672,5667,5687,5679                          5680.3000   6.7683      3172,3187,3177,3186,3176,3176,3173,3156,3179,3179                          3176.1000   8.1541      
		61   1024 4096   16   10             4419,4403,4402,4425,4433,4423,4433,4394,4421,4417                          4417.0000   12.5778     2388,2385,2386,2395,2389,2393,2390,2371,2380,2380                          2385.7000   6.7535      
		61   1024 4096   16   20             8853,8846,8850,8889,8894,8883,8863,8882,8874,8853                          8868.7000   16.8882     4766,4776,4775,4777,4780,4780,4765,4783,4772,4774                          4774.8000   5.5642      
		61   1024 4096   32   8              7647,7706,7676,7675,7697,7675,7681,7681,7663,7690                          7679.1000   15.8206     4058,4069,4066,4065,4072,4066,4068,4070,4069,4083                          4068.6000   6.0033      
		61   1024 4096   32   16             15349,15362,15363,15357,15376,15368,15331,15362,15257,15364                15348.9000  32.7122     8129,8113,8111,8119,8115,8132,8139,8122,8019,8125                          8112.4000   32.2403     
		61   1024 4096   64   7              21498,21584,21574,21585,20552,21693,21680,21839,21773,21684                21546.2000  344.9747    11202,11362,11355,11358,10284,11377,11348,11381,11380,11361                11240.8000  322.7943    
		61   1024 4096   64   14             43404,43317,41604,40417,40540,43378,43363,43090,43111,43315                42553.9000  1155.0003   22731,22695,21009,19949,19965,22731,22745,22701,22683,22732                21994.1000  1137.1036   
		61   1024 4096   64   7         2    12886,12397,11153,12485,12500,11414,12458,12471,11456,12501                12172.1000  563.1157    6542,6540,5233,6566,6572,5468,6572,6596,5564,6587                          6224.0000   530.9917    
		61   1024 4096   64   14        2    21987,21882,21957,22057,21884,22039,21986,22014,22056,22083                21994.5000  66.5451     11595,11554,11574,11642,11553,11627,11558,11629,11551,11665                11594.8000  40.5951     
		61   1024 4096   64   7         4    6346,6390,6340,6340,6338,6351,6361,6420,6330,7827                          6504.3000   441.6816    3364,3346,3319,3325,3325,3314,3327,3370,3323,4797                          3481.0000   439.0417    
		61   1024 4096   64   14        4    13373,12660,13249,12647,12681,12666,12746,16359,13756,12579                13271.6000  1096.0458   7363,6670,7212,6612,6649,6658,6672,10226,7592,6677                         7233.1000   1053.6802   
		61   1024 4096   64   7         8    4764,4786,4789,4886,3258,4186,4867,6156,3899,3259                          4485.0000   824.6955    3201,3232,3234,3277,1710,2629,3303,3284,2353,1704                          2792.7000   621.9653    
		61   1024 4096   64   14        8    7984,8429,6600,6590,9971,6566,8747,9919,8037,7609                          8045.2000   1201.9977   4831,5274,3491,3473,6861,3451,5634,6779,4910,4499                          4920.3000   1197.3949   
		61   1024 4096   64   7         16   4795,4837,4301,3533,4754,4792,6231,3287,6321,6301                          4915.2000   1030.9474   3255,3284,2757,1985,1739,3233,3296,1726,3234,3289                          2779.8000   651.4180    
		61   1024 4096   64   14        16   5737,6202,6713,5363,5173,6541,6679,6695,4817,5333                          5925.3000   687.9945    2391,3071,3547,3065,3496,3405,3488,3458,3134,2170                          3122.5000   457.6132    
		61   1024 4096   64   7         32   4759,6412,5920,6174,6282,5194,6224,4678,4658,6265                          5656.6000   704.6612    1727,3309,2901,3208,3296,3151,3239,3123,1710,3304                          2896.8000   600.1463    
		61   1024 4096   64   14        32   6581,5230,5358,6003,6301,6604,5855,5136,6579,6647                          6029.4000   575.3936    3551,3563,2176,2867,3067,3352,3441,1973,3450,3430                          3087.0000   548.3200    
